99,1,0.0,498.0,32.75,16.0,1,6,0
100,1,0.0,503.5,47.31,16.5,1,6,0
101,1,0.0,501.5,62.97,17.0,1,6,0
102,1,18.48,502.0,54.7,15.5,1,6,0
103,1,21.47,504.75,68.41,16.25,1,6,0
104,1,35.06,508.75,66.62,16.25,1,6,0
105,1,50.88,516.0,67.5,16.0,1,6,0
106,1,62.34,520.5,67.16,17.0,1,6,0
107,1,82.06,527.0,67.94,16.0,1,6,0
108,1,94.88,512.5,69.75,16.0,1,6,0
109,1,114.75,514.5,66.5,16.0,1,6,0
110,1,131.75,512.0,71.25,17.0,1,6,0
111,1,156.12,510.5,65.75,16.0,1,6,0
112,1,167.38,509.0,73.5,16.0,1,6,0
113,1,185.88,507.0,76.12,16.0,1,6,0
114,1,213.0,506.75,66.0,15.75,1,6,0
115,1,231.0,503.5,71.5,17.0,1,6,0
116,1,244.12,494.0,71.12,16.5,1,6,0
117,1,260.75,492.25,70.0,16.0,1,6,0
118,1,277.0,488.5,69.0,17.0,1,6,0
118,2,631.5,491.75,50.0,11.0,1,6,0
119,1,293.75,481.25,71.0,17.5,1,6,0
119,2,648.5,485.25,46.0,12.5,1,6,0
120,1,309.0,475.75,68.5,17.0,1,6,0
120,2,667.5,480.25,37.0,12.5,1,6,0
121,1,327.0,483.25,64.5,16.0,1,6,0
121,2,684.0,492.75,38.0,12.0,1,6,0
122,1,344.25,493.75,57.5,15.0,1,6,0
122,2,696.0,496.75,35.0,12.0,1,6,0
123,1,369.5,498.5,49.0,15.5,1,6,0
123,2,706.0,498.75,41.0,12.0,1,6,0
123,3,-0.0,498.0,30.44,17.0,1,6,0
124,1,368.75,503.75,66.0,16.75,1,6,0
124,2,725.0,507.0,41.0,13.0,1,6,0
124,3,0.0,501.75,46.69,17.25,1,6,0
125,1,384.25,513.0,68.5,17.0,1,6,0
125,2,749.0,515.5,37.0,15.0,1,6,0
125,3,13.27,511.5,51.61,17.0,1,6,0
126,1,405.5,523.0,65.5,16.0,1,6,0
126,2,760.5,525.5,35.0,12.0,1,6,0
126,3,31.23,522.0,51.64,16.0,1,6,0
127,1,421.25,515.0,71.5,18.0,1,6,0
127,3,51.88,514.5,52.38,16.0,1,6,0
128,1,445.0,518.5,64.5,16.0,1,6,0
128,3,70.31,517.5,51.25,17.0,1,6,0
128,2,802.0,523.0,42.0,12.0,1,6,0
129,1,461.5,522.0,70.0,16.0,1,6,0
129,3,91.81,522.0,49.31,16.0,1,6,0
129,2,816.5,525.0,33.0,11.0,1,6,0
130,1,481.25,522.0,69.75,16.0,1,6,0
130,3,110.25,522.0,50.5,17.0,1,6,0
131,1,498.25,514.5,73.75,17.0,1,6,0
131,3,127.5,514.5,55.0,17.0,1,6,0
132,1,518.0,502.75,72.0,16.25,1,6,0
132,3,147.12,502.25,53.0,16.75,1,6,0
133,1,542.5,486.5,71.0,16.5,1,6,0
133,3,168.62,483.0,54.75,16.5,1,6,0
134,1,557.0,476.25,69.0,16.5,1,6,0
134,3,184.5,472.75,52.5,17.0,1,6,0
135,1,580.0,462.0,70.0,15.5,1,6,0
135,3,208.0,460.0,50.25,16.0,1,6,0
136,1,598.5,485.0,66.0,16.5,1,6,0
136,3,222.88,482.25,53.12,16.0,1,6,0
137,1,607.0,480.5,76.0,16.0,1,6,0
137,3,239.5,480.0,53.5,16.5,1,6,0
138,1,631.5,480.0,68.0,16.0,1,6,0
138,3,259.5,483.25,51.0,16.5,1,6,0
139,1,654.5,518.0,61.0,15.0,1,6,0
139,3,273.75,518.5,53.5,17.0,1,6,0
140,1,658.0,525.5,65.0,16.0,1,6,0
140,3,285.0,521.5,52.5,17.0,1,6,0
141,1,670.0,538.5,66.0,16.0,1,6,0
141,3,294.75,534.5,54.5,17.0,1,6,0
141,2,1038.0,543.5,36.0,11.0,1,6,0
142,1,690.5,528.0,64.0,14.0,1,6,0
142,3,312.25,524.0,53.0,17.0,1,6,0
143,1,696.5,536.0,64.0,15.0,1,6,0
143,3,324.0,530.5,48.0,17.0,1,6,0
143,2,1063.0,541.5,40.0,13.0,1,6,0
144,1,720.0,533.0,59.0,15.0,1,6,0
144,3,338.75,524.5,54.5,17.0,1,6,0
144,2,1078.0,542.5,40.0,9.0,1,6,0
145,1,729.5,495.0,64.0,15.5,1,6,0
145,3,355.0,486.75,52.0,17.0,1,6,0
146,1,751.0,504.0,63.0,15.5,1,6,0
146,3,374.25,497.75,53.5,16.75,1,6,0
147,1,777.5,510.0,56.0,14.0,1,6,0
147,3,395.25,505.5,51.5,17.0,1,6,0
147,2,1130.0,517.0,36.0,10.0,1,6,0
148,1,780.0,507.25,81.0,15.75,1,6,0
148,3,417.5,499.75,55.5,17.75,1,6,0
148,2,1154.0,519.0,46.0,8.0,1,6,0
149,1,826.0,502.0,54.0,15.0,1,6,0
149,3,437.0,496.5,55.5,17.5,1,6,0
149,2,1180.0,509.5,42.0,10.0,1,6,0
150,1,846.0,492.25,57.0,14.5,1,6,0
150,3,459.25,489.0,52.75,17.5,1,6,0
150,2,1192.0,498.25,48.0,10.5,1,6,0
151,1,861.0,479.0,62.0,14.0,1,6,0
151,3,480.75,476.5,52.75,17.0,1,6,0
151,2,1218.0,483.25,44.0,11.0,1,6,0
152,1,881.0,494.0,65.0,14.5,1,6,0
152,3,502.0,493.0,50.0,16.5,1,6,0
152,2,1239.0,495.5,40.0,11.0,1,6,0
153,1,905.5,482.75,57.0,14.5,1,6,0
153,3,515.5,485.0,56.0,17.5,1,6,0
153,2,1257.0,484.75,42.0,10.0,1,6,0
154,1,916.5,480.0,64.0,16.0,1,6,0
154,3,535.5,479.75,55.0,17.0,1,6,0
154,2,1274.0,483.25,42.0,11.0,1,6,0
155,1,937.0,512.5,59.0,15.0,1,6,0
155,3,553.0,511.25,53.0,15.75,1,6,0
155,2,1291.0,517.0,44.0,11.0,1,6,0
156,1,956.5,506.75,62.0,14.75,1,6,0
156,3,573.5,505.5,53.0,17.0,1,6,0
156,2,1313.0,508.75,44.0,11.25,1,6,0
157,1,970.5,502.75,61.5,15.25,1,6,0
157,3,589.0,504.0,53.0,17.0,1,6,0
157,2,1326.0,502.5,42.0,11.0,1,6,0
158,1,976.5,503.25,72.5,15.25,1,6,0
158,3,605.0,500.25,52.0,16.75,1,6,0
158,2,1340.0,505.75,38.0,11.75,1,6,0
159,1,999.0,507.25,66.0,15.25,1,6,0
159,3,622.0,506.75,52.0,16.25,1,6,0
159,2,1360.0,509.25,36.0,11.25,1,6,0
160,1,1013.0,519.0,68.0,16.0,1,6,0
160,3,638.5,515.5,49.0,16.0,1,6,0
160,2,1377.0,525.0,40.0,12.0,1,6,0
161,1,1039.0,534.0,58.0,16.0,1,6,0
161,3,655.0,528.5,49.0,16.0,1,6,0
161,2,1393.0,539.0,40.0,12.0,1,6,0
162,1,1045.0,550.0,68.0,16.0,1,6,0
162,3,669.5,542.5,50.0,16.0,1,6,0
162,2,1411.0,558.0,38.0,12.0,1,6,0
163,1,1057.0,533.5,74.0,16.0,1,6,0
163,3,686.0,523.5,50.0,16.0,1,6,0
163,2,1426.0,544.0,38.0,11.0,1,6,0
164,1,1076.0,541.0,72.0,16.0,1,6,0
164,3,702.5,536.0,47.0,16.0,1,6,0
164,2,1442.0,545.5,38.0,12.0,1,6,0
165,1,1093.0,503.75,72.0,16.25,1,6,0
165,3,718.5,499.5,50.0,16.0,1,6,0
165,2,1457.0,509.25,42.0,11.75,1,6,0
166,1,1114.0,506.75,72.0,16.25,1,6,0
166,3,740.0,504.75,46.0,15.25,1,6,0
166,2,1475.0,511.75,40.0,12.25,1,6,0
167,1,1127.0,511.0,70.0,16.0,1,6,0
167,3,751.0,506.25,50.0,15.25,1,6,0
167,2,1492.0,516.5,38.0,12.0,1,6,0
168,1,1148.0,511.5,72.0,16.0,1,6,0
168,3,770.0,507.5,51.0,16.0,1,6,0
168,2,1512.0,516.5,38.0,12.0,1,6,0
169,1,1170.0,505.25,74.0,16.25,1,6,0
169,3,782.5,503.25,61.0,17.25,1,6,0
169,2,1537.0,509.0,38.0,12.0,1,6,0
169,4,20.91,504.25,16.62,10.25,1,6,0
170,1,1188.0,497.0,72.0,16.5,1,6,0
170,3,811.5,498.0,53.0,16.5,1,6,0
170,2,1552.0,499.5,40.0,12.0,1,6,0
170,4,38.12,503.75,15.69,10.25,1,6,0
171,1,1204.0,487.0,78.0,16.5,1,6,0
171,3,835.0,487.75,51.0,16.0,1,6,0
171,2,1578.0,490.5,42.0,12.0,1,6,0
171,4,58.59,494.75,19.09,10.0,1,6,0
172,1,1229.0,475.75,72.0,15.5,1,6,0
172,3,849.5,479.5,55.0,16.0,1,6,0
172,2,1593.0,476.25,42.0,11.5,1,6,0
172,4,76.75,494.0,16.75,10.5,1,6,0
173,1,1248.0,490.75,72.0,17.0,1,6,0
173,3,878.5,488.75,47.0,15.0,1,6,0
173,2,1613.0,495.0,40.0,12.5,1,6,0
173,4,98.19,489.25,15.62,9.5,1,6,0
174,1,1272.0,486.5,74.0,16.0,1,6,0
174,3,899.5,487.25,50.0,16.5,1,6,0
174,2,1636.0,489.75,44.0,12.5,1,6,0
174,4,120.25,495.0,19.5,10.5,1,6,0
175,1,1292.0,484.5,70.0,16.0,1,6,0
175,3,916.5,480.75,51.0,16.5,1,6,0
175,2,1657.0,491.5,38.0,12.0,1,6,0
175,4,142.12,479.5,15.75,11.0,1,6,0
176,1,1315.0,521.0,70.0,16.0,1,6,0
176,3,941.0,517.5,53.0,16.0,1,6,0
176,2,1682.0,525.5,40.0,13.0,1,6,0
176,4,165.5,511.5,18.5,10.0,1,6,0
177,1,1333.0,518.5,70.0,16.0,1,6,0
177,3,956.0,512.5,54.0,17.0,1,6,0
177,2,1694.0,525.0,40.0,12.0,1,6,0
177,4,177.75,503.25,22.75,10.75,1,6,0
178,1,1349.0,517.5,72.0,16.0,1,6,0
178,3,967.0,507.25,61.0,17.75,1,6,0
178,2,1708.0,525.5,40.0,12.0,1,6,0
178,4,199.25,492.25,18.25,10.5,1,6,0
179,1,1367.0,511.75,72.0,16.25,1,6,0
179,3,990.0,504.75,54.0,17.25,1,6,0
179,2,1731.0,520.5,40.0,12.0,1,6,0
179,4,216.5,495.0,15.5,10.0,1,6,0
180,1,1381.0,510.75,70.0,16.75,1,6,0
180,3,1007.0,506.0,52.0,17.0,1,6,0
180,2,1749.0,516.0,38.0,12.0,1,6,0
180,4,230.88,504.5,16.75,10.5,1,6,0
181,1,1398.0,522.5,70.0,17.0,1,6,0
181,3,1024.0,516.5,52.0,17.0,1,6,0
181,2,1763.0,529.5,40.0,14.0,1,6,0
181,4,246.38,506.75,15.62,9.75,1,6,0
182,1,1413.0,538.0,68.0,16.0,1,6,0
182,3,1038.0,529.5,52.0,17.0,1,6,0
182,2,1777.0,544.0,42.0,14.0,1,6,0
182,4,262.75,517.5,16.0,10.0,1,6,0
183,1,1424.0,547.5,68.0,17.0,1,6,0
183,3,1049.0,542.0,52.0,17.0,1,6,0
183,2,1784.0,553.5,42.0,12.0,1,6,0
183,4,271.75,529.5,18.5,10.0,1,6,0
184,1,1440.0,532.0,72.0,16.0,1,6,0
184,3,1066.0,529.5,54.0,17.0,1,6,0
184,2,1804.0,533.5,40.0,13.0,1,6,0
184,4,289.25,530.5,17.5,10.0,1,6,0
185,1,1461.0,534.5,70.0,16.0,1,6,0
185,3,1087.0,536.5,52.0,17.0,1,6,0
185,2,1822.0,532.5,38.0,11.0,1,6,0
185,4,312.25,546.0,16.0,10.0,1,6,0
186,1,1477.0,535.0,72.0,17.0,1,6,0
186,3,1103.0,539.5,54.0,17.0,1,6,0
186,2,1837.0,532.5,42.0,13.0,1,6,0
186,4,327.0,550.0,15.5,10.0,1,6,0
187,1,1496.0,491.25,72.0,16.0,1,6,0
187,3,1121.0,489.75,54.0,16.5,1,6,0
187,2,1856.0,495.75,40.0,12.5,1,6,0
187,4,344.75,495.0,15.0,10.5,1,6,0
188,1,1515.0,490.25,74.0,17.0,1,6,0
188,3,1136.0,489.75,60.0,17.5,1,6,0
188,4,366.75,497.0,15.5,10.5,1,6,0
189,1,1537.0,488.25,72.0,17.0,1,6,0
189,3,1160.0,486.0,56.0,17.5,1,6,0
189,4,386.25,491.0,15.0,10.0,1,6,0
189,2,1896.0,488.5,24.0,13.5,1,6,0
190,1,1556.0,483.5,76.0,18.0,1,6,0
190,3,1185.0,477.25,54.0,17.5,1,6,0
190,4,409.5,476.25,15.5,10.0,1,6,0
191,1,1577.0,503.75,72.0,17.25,1,6,0
191,3,1201.0,496.5,56.0,17.5,1,6,0
191,4,427.5,489.25,14.5,9.5,1,6,0
192,1,1596.0,499.25,72.0,17.75,1,6,0
192,3,1220.0,488.5,56.0,17.0,1,6,0
192,4,446.25,474.0,14.5,10.0,1,6,0
193,1,1617.0,496.0,72.0,17.0,1,6,0
193,3,1239.0,485.25,56.0,17.5,1,6,0
193,4,466.75,471.25,13.5,10.0,1,6,0
194,1,1642.0,518.0,66.0,16.0,1,6,0
194,3,1262.0,513.5,56.0,18.0,1,6,0
194,4,487.75,510.0,15.0,10.0,1,6,0
195,1,1652.0,518.0,72.0,17.0,1,6,0
195,3,1278.0,511.75,54.0,17.25,1,6,0
195,4,500.5,503.5,16.5,10.5,1,6,0
196,1,1671.0,516.5,72.0,17.0,1,6,0
196,3,1296.0,511.5,56.0,17.0,1,6,0
196,4,520.0,505.0,15.0,11.0,1,6,0
197,1,1684.0,518.5,72.0,16.0,1,6,0
197,3,1310.0,513.5,52.0,17.0,1,6,0
197,4,533.0,508.25,14.0,10.75,1,6,0
198,1,1702.0,519.5,72.0,17.0,1,6,0
198,3,1328.0,518.5,54.0,17.0,1,6,0
198,4,552.5,519.5,14.0,10.0,1,6,0
199,1,1723.0,524.0,62.0,16.0,1,6,0
199,3,1342.0,523.5,50.0,17.0,1,6,0
199,4,564.5,525.0,15.0,11.0,1,6,0
200,1,1734.0,528.5,70.0,17.0,1,6,0
200,3,1358.0,529.5,54.0,17.0,1,6,0
200,4,582.0,534.0,15.0,10.0,1,6,0
201,1,1753.0,528.5,72.0,17.0,1,6,0
201,3,1378.0,533.0,54.0,17.0,1,6,0
201,4,601.0,543.5,15.0,10.0,1,6,0
202,1,1768.0,539.5,70.0,17.0,1,6,0
202,3,1393.0,537.5,54.0,17.0,1,6,0
202,4,616.0,536.5,15.0,9.0,1,6,0
203,1,1788.0,522.5,74.0,17.0,1,6,0
203,3,1414.0,520.5,56.0,17.0,1,6,0
203,4,635.5,521.5,15.0,9.0,1,6,0
203,5,0.08,494.5,53.98,52.0,1,2,0
204,1,1806.0,523.5,68.0,16.0,1,6,0
204,3,1429.0,521.5,56.0,17.0,1,6,0
204,4,650.5,520.5,15.0,9.0,1,6,0
204,5,0.25,492.25,69.38,51.75,1,2,0
205,1,1825.0,526.5,68.0,16.0,1,6,0
205,3,1448.0,522.0,54.0,18.0,1,6,0
205,4,672.5,518.0,15.0,10.0,1,6,0
205,5,0.19,487.25,90.19,52.75,1,2,0
206,1,1847.0,530.0,64.0,16.0,1,6,0
206,3,1467.0,522.5,56.0,17.0,1,6,0
206,4,690.0,511.25,15.0,8.75,1,6,0
206,5,0.44,473.75,110.0,55.25,1,2,0
207,1,1872.0,531.5,48.0,18.0,1,6,0
207,3,1488.0,522.5,56.0,18.0,1,6,0
207,4,710.0,501.0,16.0,8.5,1,6,0
207,5,0.0,448.0,128.12,62.0,1,2,0
208,1,1890.0,510.25,30.0,16.25,1,6,0
208,3,1511.0,502.75,56.0,17.75,1,6,0
208,4,733.5,498.0,15.0,9.0,1,6,0
208,5,0.56,457.75,138.94,62.25,1,2,0
209,1,1900.0,508.75,20.0,16.75,1,6,0
209,3,1525.0,503.75,56.0,17.25,1,6,0
209,4,745.0,492.0,17.0,8.0,1,6,0
209,5,0.5,447.5,165.5,64.0,1,2,0
210,3,1543.0,498.75,54.0,17.75,1,6,0
210,4,766.0,489.75,14.0,8.5,1,6,0
210,5,0.5,450.0,183.5,64.0,1,2,0
211,3,1561.0,497.5,54.0,17.5,1,6,0
211,4,777.5,491.5,15.0,8.5,1,6,0
211,5,12.12,455.0,188.75,61.5,1,2,0
212,3,1579.0,502.25,54.0,16.75,1,6,0
212,4,798.0,495.5,15.0,8.0,1,6,0
212,5,30.69,459.75,186.06,62.25,1,2,0
213,3,1597.0,506.25,52.0,16.75,1,6,0
213,4,819.0,505.25,15.0,9.25,1,6,0
213,5,48.19,469.75,183.56,63.25,1,2,0
214,3,1619.0,510.25,54.0,17.25,1,6,0
214,4,834.5,517.0,20.0,9.0,1,6,0
214,5,69.94,487.5,174.31,63.0,1,2,0
215,3,1632.0,525.0,56.0,18.0,1,6,0
215,4,854.5,521.5,15.0,9.0,1,6,0
215,5,82.62,484.5,194.38,63.0,1,2,0
215,6,0.11,504.5,37.58,33.0,1,2,0
216,3,1647.0,527.0,56.0,18.0,1,6,0
216,4,871.5,526.0,14.0,9.0,1,6,0
216,5,99.81,488.5,187.69,65.0,1,2,0
216,6,0.0,511.25,52.0,31.25,1,2,0
217,3,1666.0,517.0,54.0,17.0,1,6,0
217,4,885.0,512.0,16.0,10.0,1,6,0
217,5,117.06,470.25,192.94,62.75,1,2,0
217,6,2.72,493.0,70.28,29.5,1,2,0
218,3,1676.0,512.0,58.0,18.0,1,6,0
218,4,900.0,508.5,15.0,9.0,1,6,0
218,5,128.25,470.75,196.25,62.75,1,2,0
218,6,12.38,493.25,68.56,29.75,1,2,0
219,3,1693.0,506.25,56.0,17.75,1,6,0
219,4,914.5,504.25,15.0,8.75,1,6,0
219,5,143.12,467.75,197.38,63.25,1,2,0
219,6,28.53,491.0,66.84,29.0,1,2,0
220,3,1707.0,509.75,56.0,17.25,1,6,0
220,4,931.5,498.25,14.0,9.0,1,6,0
220,5,157.5,453.0,196.5,63.0,1,2,0
220,6,42.47,472.0,67.78,33.0,1,2,0
221,3,1722.0,509.75,58.0,17.75,1,6,0
221,4,947.0,493.0,14.0,9.5,1,6,0
221,5,173.5,443.75,199.0,63.5,1,2,0
221,6,56.69,463.0,68.25,32.0,1,2,0
222,3,1741.0,525.5,54.0,17.0,1,6,0
222,4,964.5,503.0,14.0,9.5,1,6,0
222,5,190.75,447.0,199.5,64.0,1,2,0
222,6,75.19,466.75,68.81,30.0,1,2,0
223,3,1761.0,515.5,56.0,17.0,1,6,0
223,4,980.5,499.25,18.0,10.0,1,6,0
223,5,209.38,449.5,200.12,65.5,1,2,0
223,6,95.12,471.25,66.5,30.5,1,2,0
224,3,1780.0,510.75,60.0,17.75,1,6,0
224,4,1005.5,498.5,16.0,10.0,1,6,0
224,5,228.88,451.75,201.12,65.25,1,2,0
224,6,113.81,474.0,68.44,31.0,1,2,0
225,3,1804.0,513.0,54.0,18.0,1,6,0
225,4,1028.0,499.0,14.0,9.5,1,6,0
225,5,248.75,453.0,204.5,64.5,1,2,0
225,6,136.75,473.25,67.25,31.5,1,2,0
226,3,1822.0,509.5,54.0,18.0,1,6,0
226,4,1047.0,501.0,14.0,9.5,1,6,0
226,5,270.0,457.25,204.0,64.75,1,2,0
226,6,156.75,481.0,67.5,31.0,1,2,0
227,3,1841.0,508.0,60.0,18.0,1,6,0
227,4,1069.0,503.75,14.0,9.25,1,6,0
227,5,292.0,464.5,203.5,63.0,1,2,0
227,6,179.88,491.25,66.0,27.75,1,2,0
228,3,1870.0,506.75,50.0,17.25,1,6,0
228,4,1092.0,506.25,16.0,9.75,1,6,0
228,5,315.25,472.25,207.75,61.25,1,2,0
228,6,204.38,497.25,67.12,29.75,1,2,0
229,3,1882.0,503.0,38.0,21.0,1,6,0
229,4,1112.0,510.0,14.0,9.0,1,6,0
229,5,332.5,479.75,206.0,63.25,1,2,0
229,6,220.5,504.25,68.75,31.75,1,2,0
230,4,1134.0,516.5,14.0,9.0,1,6,0
230,5,353.25,479.75,206.75,64.25,1,2,0
230,6,240.75,503.25,66.5,30.25,1,2,0
231,4,1151.0,516.5,14.0,10.0,1,6,0
231,5,367.5,479.5,211.0,61.5,1,2,0
231,6,257.5,502.5,68.0,29.0,1,2,0
232,4,1169.0,515.5,14.0,10.0,1,6,0
232,5,389.0,475.75,208.0,61.25,1,2,0
232,6,278.5,498.0,64.5,29.0,1,2,0
233,4,1181.0,515.5,14.0,10.0,1,6,0
233,5,398.75,472.0,210.25,63.0,1,2,0
233,6,288.5,494.5,65.5,28.5,1,2,0
234,4,1198.0,518.5,14.0,10.0,1,6,0
234,5,415.75,466.75,209.25,64.75,1,2,0
234,6,307.0,488.75,63.5,28.75,1,2,0
235,4,1209.0,523.0,14.0,10.0,1,6,0
235,5,427.5,464.0,209.0,65.0,1,2,0
235,6,317.0,483.5,67.5,31.0,1,2,0
236,4,1223.0,524.0,14.0,10.0,1,6,0
236,5,440.5,473.75,211.0,63.75,1,2,0
236,6,327.75,494.0,68.0,30.0,1,2,0
237,4,1242.0,532.0,14.0,10.0,1,6,0
237,5,460.5,481.5,209.0,64.0,1,2,0
237,6,345.25,502.75,69.5,28.75,1,2,0
238,4,1256.0,534.0,16.0,11.0,1,6,0
238,5,475.0,491.75,208.0,63.75,1,2,0
238,6,361.5,513.5,68.0,28.0,1,2,0
239,4,1276.0,527.5,14.0,9.0,1,6,0
239,5,493.5,483.0,211.0,65.0,1,2,0
239,6,381.0,504.0,66.5,32.0,1,2,0
240,4,1299.0,523.5,14.0,10.0,1,6,0
240,5,515.5,483.75,215.0,62.75,1,2,0
240,6,401.5,504.5,70.0,32.0,1,2,0
241,4,1316.0,520.0,14.0,10.0,1,6,0
241,5,531.0,486.75,216.0,60.25,1,2,0
241,6,419.0,508.0,69.5,30.0,1,2,0
242,4,1338.0,518.0,14.0,10.0,1,6,0
242,5,553.0,479.25,215.0,63.75,1,2,0
242,6,441.5,502.75,68.5,28.25,1,2,0
243,4,1354.0,512.5,14.0,9.0,1,6,0
243,5,568.0,474.25,217.0,64.75,1,2,0
243,6,456.75,497.75,70.75,31.25,1,2,0
244,4,1375.0,507.25,16.0,10.25,1,6,0
244,5,591.0,466.0,219.0,64.0,1,2,0
244,6,479.0,487.5,69.0,32.5,1,2,0
245,4,1390.0,502.0,16.0,10.5,1,6,0
245,5,603.5,462.0,218.0,65.0,1,2,0
245,6,493.25,484.5,67.25,32.0,1,2,0
246,4,1409.0,500.5,16.0,11.0,1,6,0
246,5,622.5,458.75,214.0,63.75,1,2,0
246,6,513.5,480.25,67.0,31.5,1,2,0
247,4,1433.0,505.25,14.0,10.75,1,6,0
247,5,642.5,458.0,206.0,61.0,1,2,0
247,6,535.5,479.5,68.0,29.5,1,2,0
248,4,1449.0,513.0,14.0,11.0,1,6,0
248,5,662.0,457.25,206.0,61.75,1,2,0
248,6,551.5,476.25,67.0,30.0,1,2,0
249,4,1470.0,522.5,14.0,10.0,1,6,0
249,5,681.0,470.25,134.0,60.75,1,2,0
249,6,571.5,491.5,67.0,29.0,1,2,0
249,8,20.44,495.25,23.12,10.0,1,6,0
250,4,1492.0,526.0,14.0,10.0,1,6,0
250,5,702.5,477.5,209.0,61.0,1,2,0
250,6,593.5,496.75,66.0,29.25,1,2,0
250,8,44.19,501.0,20.56,9.5,1,6,0
251,4,1505.0,525.5,14.0,11.0,1,6,0
251,5,717.0,478.5,203.0,59.5,1,2,0
251,6,607.0,497.25,68.0,30.75,1,2,0
251,8,54.59,503.0,22.53,9.5,1,6,0
252,4,1523.0,526.5,16.0,11.0,1,6,0
252,5,735.0,477.5,216.0,60.0,1,2,0
252,6,627.5,496.5,64.0,28.5,1,2,0
252,8,73.94,498.0,23.5,9.5,1,6,0
253,4,1536.0,522.5,14.0,10.0,1,6,0
253,5,746.0,474.5,230.0,62.0,1,2,0
253,6,637.0,493.75,67.0,27.75,1,2,0
253,8,86.5,497.25,22.12,10.0,1,6,0
254,4,1551.0,510.75,14.0,9.25,1,6,0
254,5,761.0,469.0,229.0,62.0,1,2,0
254,6,652.0,489.5,66.0,29.5,1,2,0
254,8,98.69,501.0,23.0,9.5,1,6,0
255,4,1569.0,496.75,14.0,9.0,1,6,0
255,5,778.0,464.25,114.0,58.25,1,2,0
255,6,667.5,485.0,67.0,29.5,1,2,0
255,8,116.94,500.75,21.44,9.0,1,6,0
256,4,1579.0,484.75,14.0,10.0,1,6,0
256,5,788.0,457.5,225.0,62.0,1,2,0
256,6,678.0,483.75,65.0,27.5,1,2,0
256,8,127.5,504.5,21.25,9.5,1,6,0
256,10,952.0,473.75,69.0,36.0,1,2,0
257,4,1592.0,489.0,14.0,10.0,1,6,0
257,5,801.0,454.75,214.0,58.75,1,2,0
257,6,689.0,476.5,66.0,29.0,1,2,0
257,8,142.25,492.75,22.75,10.0,1,6,0
257,10,964.5,466.25,67.5,41.0,1,2,0
258,4,1606.0,508.75,14.0,10.25,1,6,0
258,5,817.0,477.25,111.0,52.25,1,2,0
258,6,704.0,494.25,67.0,29.25,1,2,0
258,8,156.38,509.5,24.75,10.0,1,6,0
258,10,981.0,484.0,49.0,41.0,1,2,0
259,4,1617.0,527.5,14.0,11.0,1,6,0
259,5,826.5,498.5,115.0,57.0,1,2,0
259,6,715.5,519.5,67.0,30.0,1,2,0
259,8,166.88,535.0,22.75,9.0,1,6,0
259,10,991.5,508.75,64.5,42.25,1,2,0
260,4,1632.0,544.0,14.0,10.0,1,6,0
260,5,840.5,502.0,229.5,61.0,1,2,0
260,6,729.0,522.5,68.0,29.0,1,2,0
260,8,181.75,528.5,22.5,9.0,1,6,0
260,10,1003.5,515.0,72.5,45.0,1,2,0
261,4,1649.0,552.0,14.0,10.0,1,6,0
261,5,856.5,510.0,231.5,62.0,1,2,0
261,6,746.5,530.0,67.0,28.0,1,2,0
261,8,197.75,532.0,22.75,10.0,1,6,0
261,10,1026.0,523.0,68.0,45.0,1,2,0
262,4,1668.0,539.5,14.0,9.0,1,6,0
262,5,876.5,494.75,235.5,62.25,1,2,0
262,6,765.5,514.5,66.0,28.0,1,2,0
262,8,216.88,516.0,23.0,10.0,1,6,0
263,4,1689.0,555.5,16.0,10.0,1,6,0
263,5,899.5,504.75,230.5,60.75,1,2,0
263,6,792.5,524.5,62.0,26.0,1,2,0
263,8,238.38,519.5,23.38,10.0,1,6,0
263,10,1067.0,518.5,68.0,45.0,1,2,0
264,4,1707.0,553.5,16.0,11.0,1,6,0
264,5,916.5,504.5,237.5,64.0,1,2,0
264,6,804.5,525.0,67.0,28.0,1,2,0
264,8,258.5,523.5,20.5,10.0,1,6,0
265,4,1731.0,509.25,14.0,10.75,1,6,0
265,5,941.5,462.0,237.5,61.0,1,2,0
265,6,830.0,483.25,65.0,25.5,1,2,0
265,8,281.75,486.25,23.0,9.5,1,6,0
266,4,1746.0,505.0,16.0,10.5,1,6,0
266,5,956.0,461.5,240.0,61.0,1,2,0
266,6,845.5,484.5,67.0,27.0,1,2,0
266,8,295.0,492.75,24.0,10.0,1,6,0
267,4,1765.0,503.75,16.0,10.25,1,6,0
267,5,975.5,461.75,239.5,62.25,1,2,0
267,6,865.5,486.75,65.0,25.25,1,2,0
267,8,316.0,495.5,21.5,9.0,1,6,0
268,4,1784.0,500.25,16.0,10.0,1,6,0
268,5,993.0,459.0,242.0,65.0,1,2,0
268,6,883.5,486.25,66.0,25.0,1,2,0
268,8,333.25,496.25,23.0,10.0,1,6,0
269,4,1800.0,495.5,16.0,10.5,1,6,0
269,5,1009.0,456.0,244.0,64.5,1,2,0
269,6,893.0,484.0,72.0,24.0,1,2,0
269,8,349.75,495.25,23.0,9.5,1,6,0
270,4,1817.0,506.0,14.0,9.5,1,6,0
270,5,1025.0,470.5,242.0,64.0,1,2,0
270,6,913.0,498.0,69.0,24.5,1,2,0
270,8,366.5,510.25,22.5,9.75,1,6,0
271,4,1830.0,504.75,16.0,10.75,1,6,0
271,5,1038.0,464.75,244.0,65.25,1,2,0
271,6,933.5,490.5,60.0,26.5,1,2,0
271,8,382.0,503.25,21.5,8.75,1,6,0
272,4,1842.0,508.25,14.0,10.25,1,6,0
272,5,1049.0,462.0,246.0,65.5,1,2,0
272,6,944.0,488.25,62.0,23.0,1,2,0
272,8,394.0,491.0,20.5,9.5,1,6,0
273,4,1858.0,515.0,14.0,10.0,1,6,0
273,5,1062.0,457.25,248.0,66.25,1,2,0
273,6,956.5,482.75,65.0,23.5,1,2,0
273,8,407.5,479.25,21.5,9.0,1,6,0
274,4,1869.0,539.0,16.0,10.0,1,6,0
274,5,1074.0,480.5,246.0,65.0,1,2,0
274,6,968.0,504.0,64.0,24.0,1,2,0
275,4,1882.0,533.0,14.0,10.0,1,6,0
275,5,1086.0,482.5,250.0,66.0,1,2,0
275,6,982.0,507.5,63.0,24.0,1,2,0
275,8,432.5,505.0,21.5,10.0,1,6,0
276,4,1896.0,525.5,14.0,9.0,1,6,0
276,5,1104.0,475.0,248.0,66.5,1,2,0
276,6,996.0,496.5,68.0,29.0,1,2,0
276,8,449.5,499.25,22.0,9.5,1,6,0
277,4,1910.0,515.5,10.0,10.0,1,6,0
277,5,1114.0,472.75,252.0,64.25,1,2,0
277,6,1006.0,494.75,68.0,27.25,1,2,0
277,8,462.75,499.5,21.0,9.5,1,6,0
278,5,1130.0,472.0,252.0,63.5,1,2,0
278,6,1020.5,492.5,68.5,27.5,1,2,0
278,8,475.5,499.5,22.5,9.5,1,6,0
279,5,1151.0,473.5,246.0,62.0,1,2,0
279,6,1039.0,492.0,68.0,31.0,1,2,0
279,8,492.5,504.5,22.5,10.0,1,6,0
280,5,1163.0,476.5,124.0,62.0,1,2,0
280,6,1057.0,497.25,68.0,32.25,1,2,0
280,8,511.25,516.0,21.75,10.0,1,6,0
280,10,1288.0,488.0,128.0,47.5,1,2,0
281,5,1184.0,490.0,120.0,62.0,1,2,0
281,6,1073.0,507.5,68.0,31.0,1,2,0
281,8,526.0,518.5,24.0,9.0,1,6,0
281,10,1181.0,489.75,254.0,63.75,1,2,0
282,5,1203.0,501.0,124.0,63.0,1,2,0
282,6,1096.0,521.0,68.0,31.0,1,2,0
282,8,550.5,532.0,23.0,10.0,1,6,0
282,10,1328.0,511.0,128.0,51.0,1,2,0
283,5,1218.0,510.75,122.0,63.25,1,2,0
283,6,1111.0,531.0,72.0,31.0,1,2,0
283,8,564.0,538.0,24.0,10.0,1,6,0
283,10,1346.0,524.0,126.0,48.0,1,2,0
284,5,1237.0,493.0,122.0,64.0,1,2,0
284,6,1130.0,512.5,68.0,32.0,1,2,0
284,8,586.0,521.5,22.0,10.0,1,6,0
284,10,1365.0,504.5,128.0,52.0,1,2,0
285,5,1256.0,503.25,126.0,63.75,1,2,0
285,6,1150.0,521.5,68.0,33.0,1,2,0
285,8,605.5,527.5,22.0,9.0,1,6,0
285,10,1387.0,519.5,126.0,45.0,1,2,0
286,5,1271.0,505.0,124.0,64.0,1,2,0
286,6,1162.0,523.5,72.0,34.0,1,2,0
286,8,620.0,527.0,22.0,9.0,1,6,0
286,10,1401.0,519.5,126.0,49.0,1,2,0
287,5,1288.0,471.0,122.0,62.5,1,2,0
287,6,1181.0,487.5,70.0,33.5,1,2,0
287,8,637.0,485.75,22.0,9.0,1,6,0
287,10,1418.0,489.25,128.0,46.75,1,2,0
288,5,1306.0,457.5,122.0,63.5,1,2,0
288,6,1199.0,477.25,68.0,30.5,1,2,0
288,8,651.5,481.75,24.0,9.5,1,6,0
288,10,1435.0,474.0,130.0,48.5,1,2,0
289,5,1318.0,449.5,124.0,65.0,1,2,0
289,6,1211.0,470.75,72.0,33.0,1,2,0
289,8,667.0,479.25,22.0,9.0,1,6,0
289,10,1449.0,465.5,130.0,50.5,1,2,0
290,5,1334.0,443.5,124.0,63.5,1,2,0
290,6,1228.0,463.75,68.0,30.5,1,2,0
290,8,685.0,473.0,24.0,9.5,1,6,0
290,10,1467.0,455.0,130.0,52.0,1,2,0
291,5,1346.0,460.5,124.0,63.0,1,2,0
291,6,1240.0,480.75,76.0,33.25,1,2,0
291,8,695.5,493.25,21.0,9.0,1,6,0
291,10,1480.0,474.0,128.0,49.0,1,2,0
292,5,1361.0,455.25,122.0,62.75,1,2,0
292,6,1254.0,475.5,68.0,32.5,1,2,0
292,8,710.0,489.0,23.0,9.0,1,6,0
292,10,1495.0,467.0,130.0,50.0,1,2,0
293,5,1376.0,450.75,124.0,62.25,1,2,0
293,6,1269.0,473.5,70.0,31.5,1,2,0
293,8,725.0,487.75,24.0,9.0,1,6,0
293,10,1512.0,464.0,128.0,49.0,1,2,0
294,5,1395.0,487.75,124.0,63.75,1,2,0
294,6,1289.0,510.0,68.0,30.0,1,2,0
294,8,748.5,520.5,23.0,10.0,1,6,0
294,10,1533.0,500.0,128.0,48.0,1,2,0
295,5,1408.0,488.0,126.0,65.0,1,2,0
295,6,1302.0,508.5,72.0,33.0,1,2,0
295,8,761.5,518.0,21.0,9.0,1,6,0
295,10,1548.0,503.0,128.0,49.0,1,2,0
296,5,1424.0,489.0,126.0,62.0,1,2,0
296,6,1318.0,509.25,72.0,32.25,1,2,0
296,8,777.0,516.0,23.0,9.0,1,6,0
296,10,1561.0,502.5,132.0,49.0,1,2,0
297,5,1445.0,490.0,124.0,63.0,1,2,0
297,6,1338.0,508.0,74.0,34.0,1,2,0
297,8,797.5,511.5,23.0,9.0,1,6,0
297,10,1584.0,507.5,128.0,45.0,1,2,0
298,5,1458.0,480.25,124.0,64.75,1,2,0
298,6,1353.0,502.75,68.0,29.75,1,2,0
298,8,809.5,508.0,22.0,9.0,1,6,0
298,10,1600.0,494.5,128.0,51.0,1,2,0
299,5,1476.0,477.75,124.0,63.25,1,2,0
299,6,1370.0,500.25,70.0,29.25,1,2,0
299,8,827.5,507.5,23.0,9.0,1,6,0
299,10,1617.0,494.25,130.0,49.25,1,2,0
300,5,1489.0,478.25,124.0,64.25,1,2,0
300,6,1383.0,498.0,80.0,34.0,1,2,0
300,8,843.0,506.5,22.0,9.0,1,6,0
300,10,1632.0,491.25,128.0,51.75,1,2,0
301,5,1503.0,483.25,122.0,61.75,1,2,0
301,6,1396.0,502.75,74.0,31.25,1,2,0
301,8,856.5,508.0,23.0,9.0,1,6,0
301,10,1645.0,495.25,128.0,49.25,1,2,0
302,5,1520.0,488.5,124.0,63.0,1,2,0
302,6,1415.0,510.5,72.0,29.0,1,2,0
302,8,876.0,515.5,23.0,10.0,1,6,0
302,10,1663.0,502.75,128.0,46.25,1,2,0
303,5,1532.0,495.0,124.0,62.0,1,2,0
303,6,1427.0,516.0,68.0,29.0,1,2,0
303,8,887.5,523.0,22.0,9.0,1,6,0
303,10,1677.0,509.75,128.0,45.75,1,2,0
304,5,1549.0,501.5,124.0,62.0,1,2,0
304,6,1443.0,521.5,72.0,31.0,1,2,0
304,8,904.5,533.0,23.0,10.0,1,6,0
304,10,1694.0,511.75,128.0,48.25,1,2,0
305,5,1568.0,496.75,126.0,62.25,1,2,0
305,6,1464.0,518.0,70.0,32.0,1,2,0
305,8,926.5,533.0,21.0,9.0,1,6,0
305,10,1717.0,508.25,130.0,49.25,1,2,0
306,5,1584.0,493.0,126.0,62.0,1,2,0
306,6,1478.0,513.0,76.0,31.0,1,2,0
306,8,941.0,525.5,22.0,9.0,1,6,0
306,10,1731.0,505.25,130.0,47.25,1,2,0
307,5,1601.0,491.25,126.0,63.75,1,2,0
307,6,1496.0,512.5,72.0,34.0,1,2,0
307,8,959.0,529.0,22.0,9.0,1,6,0
307,10,1749.0,505.5,132.0,46.0,1,2,0
308,5,1624.0,495.0,124.0,63.0,1,2,0
308,6,1517.0,514.5,70.0,32.0,1,2,0
308,8,982.0,527.5,21.0,10.0,1,6,0
308,10,1771.0,511.25,126.0,43.25,1,2,0
309,5,1639.0,480.75,124.0,62.25,1,2,0
309,6,1533.0,501.5,70.0,30.0,1,2,0
309,8,999.0,511.5,21.0,9.0,1,6,0
309,10,1788.0,497.25,128.0,45.25,1,2,0
310,5,1657.0,466.5,126.0,64.0,1,2,0
310,6,1554.0,486.5,74.0,31.5,1,2,0
310,8,1019.0,495.25,22.0,9.0,1,6,0
310,10,1811.0,486.5,108.0,42.0,1,2,0
311,5,1670.0,460.75,126.0,64.25,1,2,0
311,6,1565.0,481.75,74.0,30.25,1,2,0
311,8,1031.0,488.0,20.0,9.0,1,6,0
311,10,1823.0,479.75,96.0,43.25,1,2,0
312,5,1688.0,455.0,124.0,64.0,1,2,0
312,6,1585.0,475.25,70.0,31.5,1,2,0
312,8,1053.0,478.5,20.0,9.0,1,6,0
312,10,1842.0,479.25,78.0,36.25,1,2,0
313,5,1702.0,471.25,124.0,64.25,1,2,0
313,6,1597.0,488.25,70.0,32.75,1,2,0
313,8,1066.0,492.25,22.0,10.0,1,6,0
314,5,1715.0,479.0,124.0,63.0,1,2,0
314,6,1610.0,495.5,74.0,34.0,1,2,0
314,8,1077.0,494.0,22.0,9.0,1,6,0
314,10,1872.0,498.5,48.0,42.0,1,2,0
315,5,1734.0,470.75,124.0,63.25,1,2,0
315,6,1633.0,489.0,70.0,32.5,1,2,0
315,8,1095.0,490.25,24.0,9.5,1,6,0
315,10,1892.0,475.5,28.0,55.5,1,2,0
316,5,1747.0,466.75,124.0,63.75,1,2,0
316,6,1646.0,485.25,70.0,33.25,1,2,0
316,8,1113.0,491.25,20.0,9.0,1,6,0
317,5,1766.0,483.25,126.0,64.75,1,2,0
317,6,1663.0,504.25,70.0,31.75,1,2,0
317,8,1136.0,511.75,16.0,9.25,1,6,0
318,5,1778.0,497.75,126.0,62.75,1,2,0
318,6,1678.0,518.5,70.0,31.0,1,2,0
318,8,1144.0,525.0,22.0,9.0,1,6,0
319,5,1795.0,501.75,122.0,62.25,1,2,0
319,6,1692.0,522.5,72.0,32.0,1,2,0
319,8,1162.0,529.5,20.0,9.0,1,6,0
320,5,1815.0,503.25,104.0,62.25,1,2,0
320,6,1712.0,525.0,70.0,32.0,1,2,0
320,8,1178.0,533.5,22.0,9.0,1,6,0
321,5,1827.0,502.5,92.0,63.0,1,2,0
321,6,1725.0,523.5,72.0,35.0,1,2,0
321,8,1193.0,535.5,20.0,9.0,1,6,0
322,5,1842.0,482.0,78.0,65.0,1,2,0
322,6,1740.0,505.25,70.0,33.75,1,2,0
322,8,1208.0,518.5,22.0,9.0,1,6,0
323,5,1860.0,493.0,60.0,60.0,1,2,0
323,6,1758.0,511.25,70.0,32.75,1,2,0
323,8,1227.0,522.0,22.0,9.0,1,6,0
324,5,1872.0,493.75,48.0,59.75,1,2,0
324,6,1772.0,509.75,68.0,33.25,1,2,0
324,8,1238.0,522.0,22.0,9.0,1,6,0
325,5,1888.0,487.0,32.0,58.0,1,2,0
325,6,1786.0,507.25,70.0,33.75,1,2,0
325,8,1256.0,522.5,22.0,9.0,1,6,0
326,6,1803.0,516.0,68.0,30.0,1,2,0
326,8,1273.0,523.0,20.0,9.0,1,6,0
327,6,1818.0,513.0,72.0,33.0,1,2,0
327,8,1288.0,520.0,22.0,9.0,1,6,0
328,6,1835.0,490.25,76.0,30.75,1,2,0
328,8,1306.0,495.25,22.0,9.0,1,6,0
329,6,1852.0,486.0,68.0,37.0,1,2,0
329,8,1323.0,491.25,22.0,9.5,1,6,0
330,6,1872.0,486.0,48.0,36.5,1,2,0
330,8,1343.0,488.75,24.0,9.5,1,6,0
331,6,1886.0,486.75,34.0,32.25,1,2,0
331,8,1358.0,488.0,22.0,9.0,1,6,0
332,8,1376.0,507.5,22.0,10.0,1,6,0
333,8,1391.0,509.25,22.0,9.25,1,6,0
334,8,1407.0,507.25,24.0,9.75,1,6,0
335,8,1423.0,510.0,22.0,9.0,1,6,0
336,8,1437.0,512.0,22.0,10.0,1,6,0
337,8,1458.0,514.5,20.0,9.0,1,6,0
338,8,1474.0,514.0,22.0,10.0,1,6,0
339,8,1498.0,508.0,20.0,9.0,1,6,0
340,8,1512.0,501.25,22.0,9.0,1,6,0
341,8,1528.0,496.0,22.0,9.0,1,6,0
342,8,1547.0,515.0,24.0,10.0,1,6,0
343,8,1556.0,527.0,24.0,10.0,1,6,0
344,8,1573.0,530.5,22.0,10.0,1,6,0
345,8,1584.0,536.5,22.0,10.0,1,6,0
346,8,1596.0,545.5,22.0,10.0,1,6,0
347,8,1613.0,540.5,22.0,9.0,1,6,0
348,8,1624.0,536.0,22.0,9.0,1,6,0
349,8,1641.0,536.5,22.0,9.0,1,6,0
350,8,1658.0,518.5,20.0,9.0,1,6,0
351,8,1673.0,501.75,24.0,9.5,1,6,0
352,8,1688.0,500.5,24.0,9.5,1,6,0
353,8,1707.0,496.0,24.0,10.0,1,6,0
354,8,1731.0,508.0,24.0,10.0,1,6,0
355,8,1752.0,499.0,22.0,9.5,1,6,0
356,8,1773.0,504.0,24.0,9.5,1,6,0
357,8,1792.0,499.25,24.0,10.0,1,6,0
358,8,1811.0,515.0,22.0,10.0,1,6,0
360,8,1849.0,494.5,22.0,9.5,1,6,0
361,8,1859.0,530.0,22.0,10.0,1,6,0
362,8,1869.0,531.0,24.0,10.0,1,6,0
363,8,1878.0,532.0,22.0,10.0,1,6,0
364,8,1890.0,524.5,24.0,10.0,1,6,0
365,8,1910.0,525.0,10.0,10.0,1,6,0
405,11,0.3,473.75,52.27,81.75,1,2,0
406,11,0.28,486.0,69.72,80.0,1,2,0
407,11,0.88,488.0,79.38,78.0,1,2,0
408,11,0.09,467.25,92.53,79.25,1,2,0
409,11,0.28,473.0,106.72,84.0,1,2,0
410,11,0.31,473.0,123.75,80.0,1,2,0
411,11,0.38,446.0,135.0,79.5,1,2,0
412,11,0.5,435.5,149.25,82.0,1,2,0
413,11,0.5,437.25,164.5,77.75,1,2,0
414,11,0.62,437.0,175.88,80.0,1,2,0
415,11,0.88,428.5,189.5,80.0,1,2,0
416,11,0.94,429.0,203.81,81.5,1,2,0
417,11,0.62,446.5,213.5,76.0,1,2,0
418,11,11.88,451.0,213.5,72.0,1,2,0
419,11,28.25,457.0,212.75,72.0,1,2,0
420,11,40.75,454.75,213.0,73.75,1,2,0
421,11,57.12,478.25,211.88,75.25,1,2,0
422,11,78.75,485.0,211.0,73.0,1,2,0
423,11,94.81,478.0,211.69,76.0,1,2,0
424,11,114.38,482.75,212.62,74.25,1,2,0
425,11,135.12,485.25,211.38,72.25,1,2,0
426,11,155.75,466.5,210.5,73.5,1,2,0
427,11,171.75,468.5,211.0,73.0,1,2,0
428,11,191.75,475.0,210.0,74.0,1,2,0
429,11,201.25,474.75,211.5,74.25,1,2,0
430,11,212.5,446.25,211.5,74.25,1,2,0
431,11,220.88,442.25,212.12,72.25,1,2,0
432,11,226.5,438.75,213.0,73.25,1,2,0
433,11,236.12,434.25,211.88,73.5,1,2,0
434,11,242.5,453.75,213.0,71.75,1,2,0
435,11,256.5,448.75,212.0,71.75,1,2,0
436,11,268.0,446.25,211.5,71.75,1,2,0
437,11,289.0,471.5,210.0,72.5,1,2,0
438,11,301.25,473.0,212.25,72.0,1,2,0
439,11,321.25,473.5,211.25,71.0,1,2,0
440,11,344.75,475.0,211.75,70.5,1,2,0
441,11,361.5,475.25,211.5,72.25,1,2,0
442,11,381.75,478.25,210.25,70.75,1,2,0
443,11,404.0,480.25,210.0,71.75,1,2,0
444,11,420.0,479.75,209.0,73.25,1,2,0
445,11,436.5,468.5,211.0,72.5,1,2,0
446,11,450.25,470.75,209.75,71.75,1,2,0
447,11,464.25,470.75,208.75,71.75,1,2,0
448,11,481.25,475.5,207.75,72.0,1,2,0
449,11,491.25,475.5,207.75,73.0,1,2,0
450,11,501.5,475.75,211.0,72.25,1,2,0
451,11,518.5,446.25,209.0,72.25,1,2,0
452,11,527.5,443.25,209.0,73.25,1,2,0
453,11,538.0,438.75,209.0,73.75,1,2,0
454,11,549.0,432.25,210.0,75.0,1,2,0
455,11,559.0,448.5,210.0,72.0,1,2,0
456,11,572.0,448.25,210.0,72.75,1,2,0
457,11,586.0,447.0,209.0,72.5,1,2,0
458,11,602.0,450.75,210.0,72.25,1,2,0
459,11,619.0,476.75,210.0,71.25,1,2,0
460,11,644.5,478.75,209.0,71.25,1,2,0
460,12,0.03,514.0,75.72,30.0,1,6,0
461,11,663.0,483.0,208.0,70.0,1,2,0
461,12,2.47,519.5,91.91,30.0,1,6,0
462,11,687.5,487.0,209.0,70.0,1,2,0
462,12,0.91,527.0,117.47,30.0,1,6,0
463,11,705.5,488.0,207.0,70.0,1,2,0
463,12,6.09,523.0,126.78,31.0,1,6,0
464,11,726.0,479.5,208.0,72.0,1,2,0
464,12,25.62,518.5,129.38,29.0,1,6,0
465,11,742.5,474.5,209.0,73.5,1,2,0
465,12,41.19,516.0,129.81,30.0,1,6,0
466,11,757.0,475.75,209.0,71.25,1,2,0
466,12,55.19,518.5,131.81,29.0,1,6,0
467,11,774.5,476.0,208.0,72.0,1,2,0
467,12,71.38,511.25,129.25,30.25,1,6,0
468,11,786.5,475.0,207.0,73.0,1,2,0
468,12,81.44,506.5,130.56,30.0,1,6,0
469,11,798.0,473.5,211.0,74.5,1,2,0
469,12,95.06,498.25,130.44,30.75,1,6,0
470,11,813.5,472.75,209.0,73.75,1,2,0
470,12,105.69,500.25,132.31,33.75,1,6,0
471,11,821.5,469.25,210.5,74.75,1,2,0
471,12,114.19,499.0,133.31,30.0,1,6,0
472,11,834.0,469.0,209.0,72.0,1,2,0
472,12,123.5,500.75,134.75,30.25,1,6,0
473,11,850.5,449.75,206.5,72.25,1,2,0
473,12,136.5,486.5,134.25,29.0,1,6,0
474,11,859.0,449.75,208.0,72.25,1,2,0
474,12,144.62,488.5,134.88,30.5,1,6,0
475,11,872.0,453.25,206.0,69.75,1,2,0
475,12,156.5,496.0,133.75,31.0,1,6,0
476,11,883.0,456.0,209.0,71.0,1,2,0
476,12,167.5,495.5,135.5,31.0,1,6,0
477,11,898.5,458.75,207.5,70.25,1,2,0
477,12,181.0,502.0,135.5,31.0,1,6,0
478,11,913.0,462.75,208.0,70.75,1,2,0
478,12,194.38,502.0,137.62,31.0,1,6,0
479,11,929.0,464.0,208.0,72.0,1,2,0
479,12,208.0,497.75,139.0,29.75,1,6,0
480,11,946.5,464.0,207.5,71.5,1,2,0
480,12,224.0,495.0,138.0,29.5,1,6,0
481,11,968.0,469.75,206.0,70.75,1,2,0
481,12,242.75,491.5,139.5,30.5,1,6,0
482,11,983.5,463.0,206.5,72.0,1,2,0
482,12,257.0,495.75,140.0,29.75,1,6,0
483,11,1005.0,453.75,206.0,72.25,1,2,0
483,12,276.75,485.5,140.0,31.0,1,6,0
484,11,1017.5,447.0,208.5,73.0,1,2,0
484,12,290.5,481.0,140.5,31.0,1,6,0
485,11,1038.0,444.75,206.0,70.25,1,2,0
485,12,306.75,479.75,142.5,32.25,1,6,0
486,11,1055.0,479.0,206.0,70.0,1,2,0
486,12,322.25,514.5,141.0,33.0,1,6,0
487,11,1070.0,477.25,208.0,70.75,1,2,0
487,12,338.0,513.0,141.5,32.0,1,6,0
488,11,1087.0,477.75,206.0,69.75,1,2,0
488,12,352.5,518.5,142.0,31.0,1,6,0
489,11,1107.0,484.5,204.0,71.0,1,2,0
489,12,368.0,525.5,143.0,31.0,1,6,0
490,11,1115.0,494.5,206.0,71.0,1,2,0
490,12,378.5,527.5,144.0,33.0,1,6,0
491,11,1132.0,484.25,204.0,71.75,1,2,0
491,12,392.5,509.75,143.5,36.25,1,6,0
492,11,1141.0,494.5,206.0,72.0,1,2,0
492,12,399.5,520.5,144.0,32.0,1,6,0
493,11,1153.0,497.5,204.0,73.0,1,2,0
493,12,408.25,513.0,145.25,34.0,1,6,0
494,11,1161.0,468.5,206.0,71.5,1,2,0
494,12,417.5,487.75,146.0,35.75,1,6,0
495,11,1173.0,467.25,204.0,70.25,1,2,0
495,12,427.5,494.25,147.0,31.75,1,6,0
496,11,1179.0,465.25,206.0,71.25,1,2,0
496,12,433.5,491.25,147.5,32.75,1,6,0
497,11,1191.0,460.0,204.0,72.0,1,2,0
497,12,441.5,483.25,149.0,34.25,1,6,0
498,11,1204.0,452.25,204.0,71.75,1,2,0
498,12,451.5,479.5,149.0,32.0,1,6,0
499,11,1214.0,443.5,204.0,72.5,1,2,0
499,12,461.0,479.0,148.0,30.5,1,6,0
500,11,1226.0,458.75,204.0,68.25,1,2,0
500,12,473.0,498.5,149.0,33.0,1,6,0
501,11,1240.0,455.0,206.0,70.5,1,2,0
501,12,486.0,491.25,151.0,35.25,1,6,0
502,11,1258.0,452.75,204.0,70.25,1,2,0
502,12,501.5,492.25,149.0,30.75,1,6,0
503,11,1275.0,453.0,204.0,69.5,1,2,0
503,12,517.5,490.75,149.0,30.75,1,6,0
504,11,1296.0,468.0,204.0,70.0,1,2,0
504,12,536.0,507.0,149.0,29.0,1,6,0
505,11,1312.0,484.5,202.0,69.0,1,2,0
505,12,550.0,514.5,149.0,31.0,1,6,0
506,11,1333.0,488.5,202.0,71.0,1,2,0
506,12,568.0,517.0,151.0,30.0,1,6,0
507,11,1348.0,494.5,202.0,72.0,1,2,0
507,12,581.0,515.0,152.0,32.0,1,6,0
508,11,1364.0,495.25,202.0,71.75,1,2,0
508,12,596.0,517.0,147.0,30.0,1,6,0
509,11,1379.0,491.0,202.0,72.0,1,2,0
509,12,610.0,519.5,150.0,33.0,1,6,0
510,11,1390.0,490.5,204.0,71.0,1,2,0
510,12,622.0,519.5,147.0,32.0,1,6,0
511,11,1401.0,479.0,204.0,71.0,1,2,0
511,12,631.0,507.5,148.0,32.0,1,6,0
512,11,1412.0,481.0,202.0,70.0,1,2,0
512,12,639.0,509.25,154.0,30.75,1,6,0
513,11,1424.0,481.75,200.0,69.25,1,2,0
513,12,648.0,509.25,150.0,32.75,1,6,0
514,11,1431.0,482.75,202.0,69.25,1,2,0
514,12,654.0,512.5,151.0,32.0,1,6,0
515,11,1437.0,480.0,204.0,70.0,1,2,0
515,12,662.5,517.5,148.0,31.0,1,6,0
516,11,1448.0,481.5,204.0,71.0,1,2,0
516,12,671.5,520.0,152.0,31.0,1,6,0
517,11,1460.0,482.0,202.0,71.0,1,2,0
517,12,679.5,521.0,150.0,31.0,1,6,0
518,11,1470.0,480.5,202.0,69.0,1,2,0
518,12,685.5,522.0,154.0,30.0,1,6,0
519,11,1488.0,456.25,202.0,71.75,1,2,0
520,11,1502.0,446.0,200.0,71.0,1,2,0
520,12,716.0,478.5,151.0,30.0,1,6,0
521,11,1520.0,448.5,202.0,71.0,1,2,0
521,12,732.0,476.75,131.0,29.5,1,6,0
522,11,1533.0,451.25,202.0,69.75,1,2,0
522,12,744.5,473.75,149.0,32.0,1,6,0
523,11,1548.0,476.0,202.0,72.0,1,2,0
523,12,759.5,495.25,153.0,29.25,1,6,0
524,11,1567.0,467.5,202.0,71.0,1,2,0
525,11,1579.0,469.75,200.0,71.25,1,2,0
525,12,788.0,491.75,151.0,29.75,1,6,0
526,11,1592.0,463.5,202.0,70.0,1,2,0
526,12,802.0,491.75,151.0,29.25,1,6,0
527,11,1605.0,478.0,200.0,71.0,1,2,0
527,12,811.0,508.75,131.0,27.75,1,6,0
528,11,1617.0,479.5,202.0,71.0,1,2,0
528,12,821.0,512.0,142.0,29.0,1,6,0
529,11,1636.0,474.25,200.0,69.75,1,2,0
529,12,836.0,509.75,156.0,31.75,1,6,0
530,11,1647.0,475.0,202.0,70.5,1,2,0
530,12,848.5,510.5,141.0,29.0,1,6,0
531,11,1664.0,473.0,202.0,70.5,1,2,0
531,12,863.0,509.25,154.0,30.25,1,6,0
532,11,1680.0,470.0,202.0,69.5,1,2,0
532,12,879.5,508.75,153.5,31.75,1,6,0
533,11,1695.0,477.5,202.0,71.0,1,2,0
533,12,891.0,511.0,131.0,30.0,1,6,0
534,11,1710.0,480.5,206.0,73.0,1,2,0
534,12,907.0,512.0,152.0,32.0,1,6,0
535,11,1723.0,486.5,196.0,75.0,1,2,0
535,12,918.5,512.5,153.5,33.0,1,6,0
536,11,1733.0,492.75,186.0,78.25,1,2,0
536,12,928.5,517.5,151.5,31.0,1,6,0
537,11,1746.0,493.0,172.0,74.0,1,2,0
537,12,937.5,519.5,153.5,32.0,1,6,0
538,11,1754.0,488.75,164.0,72.25,1,2,0
538,12,944.5,520.0,152.5,34.0,1,6,0
539,11,1764.0,496.5,154.0,71.0,1,2,0
539,12,951.0,527.0,154.0,31.0,1,6,0
540,11,1776.0,486.0,144.0,70.0,1,2,0
540,12,964.5,515.0,150.5,31.0,1,6,0
541,11,1789.0,486.5,130.0,69.0,1,2,0
541,12,978.0,518.0,150.0,31.0,1,6,0
542,11,1805.0,479.5,114.0,67.0,1,2,0
542,12,992.0,517.5,150.0,34.0,1,6,0
543,11,1823.0,484.75,96.0,65.75,1,2,0
543,12,1006.0,522.0,152.0,31.0,1,6,0
544,11,1838.0,473.75,82.0,65.75,1,2,0
544,12,1019.0,517.0,154.0,32.0,1,6,0
545,11,1856.0,463.5,64.0,65.5,1,2,0
545,12,1038.0,489.75,152.0,36.25,1,6,0
546,11,1870.0,461.5,50.0,65.5,1,2,0
546,12,1050.0,484.25,150.0,36.25,1,6,0
547,11,1886.0,436.5,34.0,88.0,1,2,0
547,12,1064.0,481.5,148.0,32.0,1,6,0
548,12,1074.0,473.0,150.0,35.5,1,6,0
549,12,1082.0,495.25,148.0,34.75,1,6,0
550,12,1089.0,487.5,150.0,36.0,1,6,0
551,12,1100.0,489.5,148.0,33.5,1,6,0
553,14,1122.0,527.5,148.0,37.0,1,2,0
554,12,1134.0,538.0,148.0,33.0,1,6,0
555,12,1151.0,539.5,146.0,35.0,1,6,0
556,12,1168.0,522.5,146.0,37.0,1,6,0
557,12,1177.0,527.0,146.0,32.0,1,6,0
558,12,1192.0,527.0,146.0,32.0,1,6,0
559,12,1194.0,526.0,152.0,32.0,1,6,0
560,12,1210.0,514.0,146.0,31.0,1,6,0
561,12,1217.0,486.25,142.0,31.25,1,6,0
562,12,1224.0,481.25,144.0,33.75,1,6,0
563,12,1232.0,480.0,144.0,31.0,1,6,0
564,12,1239.0,497.0,142.0,35.0,1,6,0
565,12,1248.0,494.0,144.0,31.5,1,6,0
566,12,1255.0,494.25,142.0,34.75,1,6,0
567,12,1265.0,502.25,142.0,33.75,1,6,0
568,12,1281.0,504.75,140.0,36.25,1,6,0
569,12,1294.0,515.5,138.0,32.0,1,6,0
570,12,1309.0,520.0,136.0,32.0,1,6,0
571,12,1324.0,528.0,138.0,33.0,1,6,0
572,12,1335.0,533.5,136.0,32.0,1,6,0
573,12,1346.0,533.0,138.0,33.0,1,6,0
574,12,1353.0,518.0,138.0,34.0,1,6,0
575,12,1363.0,518.5,134.0,30.0,1,6,0
576,12,1372.0,513.0,132.0,31.0,1,6,0
577,12,1379.0,506.5,132.0,31.0,1,6,0
578,12,1387.0,499.75,132.0,31.75,1,6,0
579,12,1391.0,491.25,134.0,33.75,1,6,0
580,12,1402.0,503.0,132.0,35.0,1,6,0
581,12,1411.0,496.5,130.0,31.0,1,6,0
582,12,1421.0,494.0,128.0,30.0,1,6,0
583,12,1428.0,496.75,126.0,33.25,1,6,0
584,12,1436.0,536.0,126.0,31.0,1,6,0
585,12,1443.0,540.0,126.0,35.0,1,6,0
587,12,1457.0,533.5,122.0,35.0,1,6,0
588,12,1466.0,538.0,122.0,36.0,1,6,0
590,12,1488.0,490.0,122.0,33.5,1,6,0
591,12,1506.0,495.25,94.0,25.25,1,6,0
592,12,1517.0,485.0,116.0,36.0,1,6,0
595,12,1553.0,492.5,116.0,36.0,1,6,0
607,12,1632.0,519.5,102.0,33.0,1,6,0
616,18,1763.0,532.0,60.0,23.0,1,4,0
617,18,1766.0,544.0,58.0,22.0,1,4,0
618,18,1771.0,541.0,60.0,22.0,1,4,0
619,18,1780.0,529.0,46.0,18.0,1,4,0
620,18,1785.0,528.5,40.0,18.0,1,4,0
621,18,1790.0,526.5,40.0,17.0,1,4,0
622,18,1795.0,518.0,52.0,23.0,1,4,0
623,18,1803.0,509.75,48.0,21.25,1,4,0
624,18,1809.0,498.75,52.0,20.25,1,4,0
625,18,1820.0,494.75,46.0,18.75,1,4,0
626,18,1828.0,506.25,36.0,17.25,1,4,0
627,18,1836.0,502.75,34.0,15.75,1,4,0
628,18,1849.0,517.0,30.0,20.0,1,4,0
629,18,1878.0,531.5,32.0,21.0,1,4,0
630,18,1882.0,544.0,28.0,24.0,1,4,0
631,18,1888.0,543.0,28.0,23.0,1,4,0
632,18,1893.0,549.5,26.0,23.0,1,4,0
633,18,1900.0,546.5,20.0,22.0,1,4,0
634,18,1904.0,533.0,16.0,23.0,1,4,0
635,18,1910.0,534.0,10.0,15.0,1,4,0
637,18,1908.0,500.5,12.0,19.0,1,4,0
