1,1,1015.0,526.5,54.0,25.0,1,2,0
1,2,0.0,520.0,27.75,19.0,1,2,0
1,3,753.5,530.5,19.0,6.0,1,2,0
1,4,1482.0,539.5,16.0,7.0,1,2,0
1,5,1501.0,534.5,10.0,10.0,1,2,0
1,6,1430.0,533.5,14.0,7.0,1,2,0
2,1,1015.5,538.5,55.5,26.0,1,2,0
2,2,0.0,531.0,28.14,21.0,1,2,0
2,3,756.0,544.5,19.0,6.0,1,2,0
2,4,1485.0,550.5,16.0,7.0,1,2,0
2,5,1505.0,545.5,8.0,10.0,1,2,0
2,6,1435.0,545.0,10.0,6.0,1,2,0
3,1,1015.0,549.5,56.0,26.0,1,2,0
3,2,0.0,540.5,28.23,24.0,1,2,0
3,3,758.0,556.5,19.0,6.0,1,2,0
3,4,1489.0,559.0,16.0,8.0,1,2,0
3,5,1508.0,554.0,10.0,10.0,1,2,0
3,6,1438.0,554.0,10.0,7.0,1,2,0
4,1,1017.5,556.5,54.5,25.0,1,2,0
4,2,0.0,542.5,30.27,25.0,1,2,0
4,3,760.5,561.5,20.0,6.0,1,2,0
4,4,1494.0,566.5,16.0,8.0,1,2,0
4,5,1512.0,563.0,10.0,10.0,1,2,0
4,6,1439.0,562.5,14.0,6.0,1,2,0
5,1,1023.5,528.0,54.5,24.0,1,2,0
5,2,0.16,521.0,36.19,22.0,1,2,0
5,3,768.0,531.5,20.0,6.0,1,2,0
5,4,1501.0,538.0,18.0,8.0,1,2,0
5,5,1522.0,533.5,10.0,10.0,1,2,0
5,6,1448.0,533.5,12.0,7.0,1,2,0
6,1,1030.0,518.0,56.0,24.0,1,2,0
6,2,0.23,513.0,43.08,19.0,1,2,0
6,3,776.5,521.5,20.0,6.0,1,2,0
6,4,1511.0,529.0,16.0,8.0,1,2,0
6,5,1531.0,526.0,10.0,9.0,1,2,0
6,6,1460.0,525.5,10.0,7.0,1,2,0
7,1,1040.0,500.5,54.0,25.0,1,2,0
7,2,0.56,493.75,51.87,19.75,1,2,0
7,3,787.0,503.25,20.0,6.5,1,2,0
7,4,1521.0,515.0,18.0,8.0,1,2,0
7,5,1542.0,512.5,12.0,9.0,1,2,0
7,6,1472.0,510.75,10.0,6.25,1,2,0
8,1,1052.0,486.75,54.0,24.5,1,2,0
8,2,1.27,477.0,61.36,20.0,1,2,0
8,3,799.0,487.5,20.0,6.5,1,2,0
8,4,1560.0,499.0,8.0,9.0,1,2,0
8,5,1538.0,502.75,16.0,8.0,1,2,0
8,6,1480.0,499.0,10.0,8.0,1,2,0
9,1,1065.0,499.0,56.0,24.0,1,2,0
9,2,4.25,485.5,73.5,22.0,1,2,0
9,3,815.5,499.75,19.0,6.5,1,2,0
9,4,1576.0,511.0,10.0,9.0,1,2,0
9,5,1552.0,515.0,18.0,8.0,1,2,0
9,6,1500.0,509.5,12.0,6.0,1,2,0
10,1,1080.0,502.5,56.0,25.0,1,2,0
10,2,19.27,493.0,60.55,21.5,1,2,0
10,3,833.0,504.75,19.0,6.5,1,2,0
10,4,1594.0,513.0,8.0,10.0,1,2,0
10,5,1569.0,517.5,18.0,8.0,1,2,0
10,6,1515.0,508.25,12.0,7.25,1,2,0
11,1,1093.0,546.0,58.0,26.0,1,2,0
11,2,34.16,534.0,74.22,25.0,1,2,0
11,3,848.0,551.5,19.0,6.0,1,2,0
11,4,1610.0,553.5,10.0,9.0,1,2,0
11,5,1584.0,558.5,16.0,7.0,1,2,0
12,1,1104.0,562.5,56.0,25.0,1,2,0
12,2,39.97,553.5,78.03,24.0,1,2,0
12,3,859.0,567.5,20.0,6.0,1,2,0
12,4,1623.0,565.0,10.0,9.0,1,2,0
12,5,1597.0,569.0,18.0,8.0,1,2,0
12,6,1543.0,558.5,12.0,8.0,1,2,0
13,1,1107.0,586.0,58.0,25.0,1,2,0
13,2,45.22,559.0,76.53,22.0,1,2,0
13,3,865.0,586.5,20.0,6.0,1,2,0
13,4,1631.0,595.0,10.0,10.0,1,2,0
13,5,1607.0,600.5,16.0,8.0,1,2,0
13,6,1551.0,592.5,14.0,9.0,1,2,0
14,1,1108.0,580.0,56.0,24.0,1,2,0
14,2,44.88,552.0,60.88,21.0,1,2,0
14,3,866.5,579.5,22.0,7.0,1,2,0
14,4,1636.0,589.0,10.0,10.0,1,2,0
14,5,1607.0,594.0,18.0,8.0,1,2,0
14,6,1555.0,588.5,14.0,7.0,1,2,0
15,1,1106.0,591.0,56.0,27.0,1,2,0
15,2,44.69,561.0,77.12,25.0,1,2,0
15,3,865.5,593.5,22.0,7.0,1,2,0
15,4,1636.0,602.0,10.0,10.0,1,2,0
15,5,1609.0,606.5,16.0,8.0,1,2,0
15,6,1557.0,598.0,12.0,9.0,1,2,0
16,1,1103.0,546.5,58.0,25.0,1,2,0
16,2,39.62,521.0,79.0,22.0,1,2,0
16,3,864.5,546.5,21.0,7.0,1,2,0
16,4,1636.0,560.0,10.0,10.0,1,2,0
16,5,1611.0,564.5,16.0,8.0,1,2,0
16,6,1556.0,557.5,12.0,8.0,1,2,0
17,1,1101.0,538.0,56.0,22.0,1,2,0
17,2,39.75,507.0,59.5,20.0,1,2,0
17,3,864.5,534.0,21.0,7.0,1,2,0
17,4,1637.0,554.0,10.0,10.0,1,2,0
17,5,1609.0,558.0,16.0,8.0,1,2,0
17,6,1556.0,552.0,14.0,7.0,1,2,0
18,1,1103.0,520.0,58.0,25.0,1,2,0
18,2,40.38,496.0,59.38,21.0,1,2,0
18,3,869.0,519.5,21.0,7.0,1,2,0
18,4,1643.0,536.5,10.0,9.0,1,2,0
18,5,1614.0,541.0,12.0,8.0,1,2,0
18,6,1561.0,535.0,14.0,6.0,1,2,0
18,8,96.5,501.5,26.25,11.5,1,2,0
19,1,1110.0,496.0,58.0,26.0,1,2,0
19,2,44.88,469.5,69.62,21.0,1,2,0
19,3,878.5,495.0,21.0,7.0,1,2,0
19,4,1655.0,518.5,10.0,9.0,1,2,0
19,5,1624.0,521.5,16.0,8.0,1,2,0
19,6,1575.0,515.0,10.0,7.0,1,2,0
19,8,104.88,477.0,25.88,10.5,1,2,0
20,1,1122.0,505.0,58.0,27.0,1,2,0
20,2,57.19,485.25,60.12,20.0,1,2,0
20,3,891.5,505.75,20.0,6.75,1,2,0
20,4,1669.0,523.0,10.0,10.0,1,2,0
20,6,1586.0,523.5,10.0,6.0,1,2,0
20,8,117.25,493.25,24.0,9.0,1,2,0
21,1,1135.0,495.0,58.0,26.0,1,2,0
21,2,67.0,478.5,59.88,20.0,1,2,0
21,3,905.0,495.5,21.0,7.0,1,2,0
21,4,1683.0,513.5,12.0,8.0,1,2,0
21,6,1605.0,510.75,10.0,6.75,1,2,0
21,8,126.19,483.0,28.06,11.0,1,2,0
21,5,1652.0,515.5,10.0,8.0,1,2,0
22,1,1144.0,534.5,58.0,27.0,1,2,0
22,2,84.44,523.0,54.94,16.0,1,2,0
22,3,916.0,537.0,20.0,7.0,1,2,0
22,4,1694.0,545.5,10.0,10.0,1,2,0
22,6,1615.0,545.5,10.0,8.0,1,2,0
22,8,136.0,523.0,29.25,11.0,1,2,0
22,5,1663.0,551.5,18.0,8.0,1,2,0
23,1,1145.0,557.0,60.0,29.0,1,2,0
23,2,82.75,548.0,57.75,20.0,1,2,0
23,3,920.5,565.0,21.0,6.0,1,2,0
23,6,1616.0,564.0,10.0,7.0,1,2,0
23,8,137.75,554.5,29.75,10.0,1,2,0
24,1,1143.0,568.0,60.0,28.0,1,2,0
24,2,77.0,570.0,60.38,23.0,1,2,0
24,3,919.5,578.5,23.0,7.0,1,2,0
24,6,1619.0,568.0,12.0,8.0,1,2,0
24,8,134.75,577.0,30.5,12.0,1,2,0
24,4,1704.0,568.0,10.0,8.0,1,2,0
24,5,1668.0,572.5,16.0,8.0,1,2,0
25,1,1138.0,583.0,60.0,28.0,1,2,0
25,2,70.69,579.5,60.06,22.0,1,2,0
25,3,915.5,591.5,24.0,7.0,1,2,0
25,8,130.5,588.0,30.0,10.0,1,2,0
25,4,1701.0,583.0,12.0,9.0,1,2,0
25,5,1667.0,587.5,18.0,9.0,1,2,0
26,1,1134.0,569.5,60.0,27.0,1,2,0
26,2,66.81,565.0,86.19,28.0,1,2,0
26,3,914.0,578.0,23.0,7.0,1,2,0
26,6,1616.0,568.5,12.0,8.0,1,2,0
27,1,1133.0,569.0,62.0,28.0,1,2,0
27,2,65.12,562.0,62.75,22.0,1,2,0
27,3,915.0,575.5,22.0,7.0,1,2,0
27,6,1617.0,569.0,10.0,8.0,1,2,0
27,8,126.0,566.5,30.0,13.0,1,2,0
27,4,1702.0,571.5,10.0,8.0,1,2,0
27,5,1666.0,577.0,14.0,7.0,1,2,0
28,1,1136.0,555.5,62.0,26.0,1,2,0
28,2,68.56,545.0,58.5,22.0,1,2,0
28,3,920.0,560.0,24.0,7.0,1,2,0
28,6,1623.0,561.5,12.0,7.0,1,2,0
28,8,130.12,552.5,30.25,10.0,1,2,0
28,4,1709.0,561.5,10.0,8.0,1,2,0
28,5,1672.0,565.5,16.0,7.0,1,2,0
29,1,1145.0,534.0,60.0,26.0,1,2,0
29,2,75.5,520.0,60.12,20.0,1,2,0
29,3,929.5,536.0,21.0,7.0,1,2,0
29,6,1633.0,542.5,14.0,8.0,1,2,0
29,8,139.62,527.0,30.25,9.0,1,2,0
29,4,1722.0,545.0,10.0,8.0,1,2,0
30,1,1155.0,515.0,62.0,25.0,1,2,0
30,2,85.94,487.0,60.31,20.0,1,2,0
30,3,942.5,512.0,21.0,7.0,1,2,0
30,6,1643.0,532.5,16.0,9.0,1,2,0
30,8,151.0,493.75,28.25,9.5,1,2,0
30,4,1735.0,535.5,10.0,8.0,1,2,0
31,1,1168.0,508.0,60.0,25.0,1,2,0
31,2,99.0,460.75,59.5,19.5,1,2,0
31,3,957.0,500.5,20.0,7.0,1,2,0
31,6,1658.0,532.0,12.0,7.0,1,2,0
31,8,163.0,468.75,29.5,8.5,1,2,0
31,4,1748.0,539.5,14.0,8.0,1,2,0
31,5,1712.0,542.0,16.0,8.0,1,2,0
32,1,1178.0,504.25,62.0,24.75,1,2,0
32,2,106.44,467.5,62.06,22.5,1,2,0
32,3,968.0,498.75,22.0,7.5,1,2,0
32,6,1671.0,527.0,12.0,7.0,1,2,0
32,8,173.0,475.0,32.25,11.0,1,2,0
32,5,1722.0,531.5,12.0,7.0,1,2,0
33,1,1187.0,520.5,62.0,26.0,1,2,0
33,2,115.06,484.75,62.44,30.25,1,2,0
33,3,979.0,519.0,23.0,7.0,1,2,0
33,6,1686.0,530.0,10.0,7.0,1,2,0
33,8,182.88,500.25,30.25,10.0,1,2,0
33,5,1736.0,543.5,18.0,7.0,1,2,0
33,4,1777.0,539.5,10.0,7.0,1,2,0
34,1,1194.0,537.5,62.0,26.0,1,2,0
34,2,127.75,507.75,55.75,24.25,1,2,0
34,3,987.5,536.5,23.0,7.0,1,2,0
34,8,192.0,519.0,29.75,9.0,1,2,0
34,5,1748.0,557.5,16.0,8.0,1,2,0
34,4,1787.0,553.0,12.0,8.0,1,2,0
35,1,1199.0,554.5,64.0,25.0,1,2,0
35,2,128.12,529.5,62.0,23.0,1,2,0
35,3,995.5,555.5,23.0,7.0,1,2,0
35,8,196.38,539.0,29.75,9.0,1,2,0
36,1,1205.0,567.5,64.0,27.0,1,2,0
36,2,134.25,553.0,61.75,27.0,1,2,0
36,3,1002.5,573.0,23.5,7.0,1,2,0
36,8,203.75,565.5,31.25,10.0,1,2,0
37,1,1211.0,557.5,64.0,27.0,1,2,0
37,2,142.5,565.0,59.75,24.0,1,2,0
37,3,1011.5,566.5,21.5,7.0,1,2,0
37,8,211.5,574.5,30.75,9.0,1,2,0
37,5,1769.0,559.0,14.0,8.0,1,2,0
37,4,1814.0,553.5,14.0,9.0,1,2,0
37,6,1721.0,552.5,12.0,8.0,1,2,0
38,1,1213.0,570.0,66.0,27.0,1,2,0
38,2,144.75,567.0,60.25,24.0,1,2,0
38,3,1016.0,578.5,22.0,6.0,1,2,0
38,8,215.62,578.0,32.75,9.0,1,2,0
38,5,1776.0,573.0,16.0,8.0,1,2,0
38,4,1823.0,567.0,12.0,9.0,1,2,0
39,1,1216.0,519.0,66.0,26.0,1,2,0
39,2,147.5,524.5,61.25,23.0,1,2,0
39,3,1022.0,526.0,22.0,7.0,1,2,0
39,8,219.12,532.5,32.25,10.0,1,2,0
39,5,1783.0,525.0,16.0,8.0,1,2,0
39,4,1831.0,520.0,10.0,8.0,1,2,0
39,6,1736.0,519.0,12.0,8.0,1,2,0
40,1,1217.0,513.0,66.0,28.0,1,2,0
40,2,147.12,505.25,62.5,23.25,1,2,0
40,3,1024.0,518.5,22.0,7.0,1,2,0
40,8,220.88,514.5,32.75,9.0,1,2,0
40,5,1795.0,529.0,12.0,8.0,1,2,0
40,4,1835.0,524.5,12.0,8.0,1,2,0
40,6,1740.0,520.0,10.0,8.0,1,2,0
41,1,1217.0,510.25,66.0,27.75,1,2,0
41,2,148.0,496.75,61.5,22.25,1,2,0
41,3,1028.0,514.0,20.0,7.0,1,2,0
41,8,222.25,504.25,32.75,9.75,1,2,0
41,5,1794.0,530.0,14.0,8.0,1,2,0
41,4,1838.0,528.0,8.0,7.0,1,2,0
41,6,1742.0,524.5,10.0,8.0,1,2,0
42,1,1218.0,505.0,66.0,27.0,1,2,0
42,2,149.75,478.25,61.25,23.0,1,2,0
42,3,1029.0,505.5,22.0,7.0,1,2,0
42,8,224.5,487.75,29.0,9.0,1,2,0
42,5,1798.0,530.5,14.0,8.0,1,2,0
42,4,1841.0,528.0,12.0,7.0,1,2,0
42,6,1744.0,523.0,10.0,8.0,1,2,0
43,1,1220.0,522.0,66.0,29.0,1,2,0
43,2,151.88,478.0,62.5,23.0,1,2,0
43,3,1034.0,520.5,22.0,7.0,1,2,0
43,8,228.0,488.25,32.0,10.0,1,2,0
43,5,1796.0,557.5,16.0,7.0,1,2,0
44,1,1226.0,509.25,66.0,27.25,1,2,0
44,2,158.25,474.75,61.25,24.5,1,2,0
44,3,1041.0,509.0,22.0,7.0,1,2,0
44,8,232.88,485.75,32.88,10.0,1,2,0
44,5,1814.0,539.5,14.0,7.0,1,2,0
44,4,1858.0,536.0,12.0,8.0,1,2,0
44,6,1762.0,530.5,10.0,7.0,1,2,0
45,1,1230.0,504.75,68.0,26.75,1,2,0
45,2,162.5,474.25,62.0,23.5,1,2,0
45,3,1049.0,504.5,20.0,7.0,1,2,0
45,8,238.38,483.5,32.88,11.0,1,2,0
45,5,1826.0,532.5,10.0,8.0,1,2,0
45,4,1866.0,530.0,12.0,8.0,1,2,0
45,6,1767.0,527.0,10.0,7.0,1,2,0
46,1,1239.0,552.0,66.0,27.0,1,2,0
46,2,170.5,525.5,61.25,22.0,1,2,0
46,3,1058.0,554.0,24.0,7.0,1,2,0
46,8,248.38,534.5,33.62,10.0,1,2,0
46,5,1826.0,573.5,18.0,7.0,1,2,0
47,1,1245.0,551.0,68.0,26.0,1,2,0
47,2,177.88,529.5,61.25,25.0,1,2,0
47,3,1067.0,554.0,22.0,7.0,1,2,0
47,8,254.88,541.0,31.38,9.0,1,2,0
47,5,1835.0,568.0,18.0,8.0,1,2,0
47,6,1785.0,560.0,14.0,9.0,1,2,0
48,1,1252.0,551.0,68.0,26.0,1,2,0
48,2,185.62,535.5,61.5,27.0,1,2,0
48,3,1075.0,555.0,24.0,7.0,1,2,0
48,8,264.5,550.5,31.5,9.0,1,2,0
48,5,1847.0,562.0,18.0,7.0,1,2,0
48,6,1796.0,558.0,12.0,8.0,1,2,0
49,1,1259.0,549.5,68.0,26.0,1,2,0
49,2,194.25,554.5,61.25,25.0,1,2,0
49,3,1085.0,556.0,22.0,7.0,1,2,0
49,8,273.75,565.5,31.0,9.0,1,2,0
49,5,1856.0,551.0,20.0,8.0,1,2,0
50,1,1263.0,553.5,70.0,27.0,1,2,0
50,2,197.25,556.0,63.0,23.0,1,2,0
50,3,1093.0,560.5,24.0,7.0,1,2,0
50,8,278.75,565.0,31.5,9.0,1,2,0
50,5,1863.0,557.0,18.0,9.0,1,2,0
51,1,1269.0,541.0,70.0,26.0,1,2,0
51,2,208.25,546.5,58.0,18.0,1,2,0
51,3,1103.0,547.0,24.0,7.0,1,2,0
51,8,287.0,551.5,27.5,8.0,1,2,0
51,5,1872.0,545.0,20.0,9.0,1,2,0
52,1,1274.0,540.0,70.0,28.0,1,2,0
52,2,210.5,541.0,62.0,23.0,1,2,0
52,3,1107.0,547.5,24.0,7.0,1,2,0
52,8,292.0,549.0,31.5,10.0,1,2,0
52,5,1884.0,548.5,16.0,8.0,1,2,0
53,1,1281.0,543.0,68.0,27.0,1,2,0
53,2,215.25,531.0,62.25,25.0,1,2,0
53,3,1117.0,547.5,22.0,7.0,1,2,0
53,8,298.75,541.0,32.5,10.0,1,2,0
53,5,1896.0,554.0,16.0,8.0,1,2,0
54,1,1289.0,539.5,68.0,25.0,1,2,0
54,2,224.25,522.0,62.5,24.0,1,2,0
54,3,1128.0,541.0,22.0,7.0,1,2,0
54,8,307.75,531.0,33.0,11.0,1,2,0
54,5,1897.0,552.5,14.0,8.0,1,2,0
55,1,1297.0,535.0,70.0,26.0,1,2,0
55,2,234.25,503.25,62.0,23.25,1,2,0
55,3,1138.0,534.5,22.0,7.0,1,2,0
55,8,319.0,513.5,32.5,10.0,1,2,0
56,1,1308.0,534.0,70.0,26.0,1,2,0
56,2,245.62,480.25,63.38,23.5,1,2,0
56,3,1151.0,530.5,22.0,6.0,1,2,0
56,8,330.75,491.25,33.5,11.0,1,2,0
57,1,1320.0,525.5,70.0,26.0,1,2,0
57,2,257.0,489.25,62.5,22.0,1,2,0
57,3,1165.0,523.5,22.0,7.0,1,2,0
57,8,343.25,498.25,32.5,10.0,1,2,0
58,1,1331.0,528.5,70.0,28.0,1,2,0
58,2,266.75,502.5,63.0,22.0,1,2,0
58,3,1178.0,530.0,22.0,7.0,1,2,0
58,8,353.75,511.0,31.5,10.0,1,2,0
59,1,1339.0,544.5,70.0,27.0,1,2,0
59,2,276.0,513.5,62.0,24.0,1,2,0
59,3,1188.0,545.5,22.0,7.0,1,2,0
59,8,363.5,525.0,33.5,10.0,1,2,0
60,1,1342.0,562.0,72.0,26.0,1,2,0
60,2,281.0,533.5,62.0,22.0,1,2,0
60,3,1195.0,562.5,22.0,7.0,1,2,0
60,8,368.25,543.5,32.0,9.0,1,2,0
61,1,1346.0,569.5,72.0,27.0,1,2,0
61,2,285.25,554.5,61.5,22.0,1,2,0
61,3,1200.0,573.5,22.0,7.0,1,2,0
61,8,373.0,565.5,32.0,9.0,1,2,0
62,1,1350.0,564.5,70.0,28.0,1,2,0
62,2,288.25,565.5,63.5,27.0,1,2,0
62,3,1205.0,573.0,24.0,6.0,1,2,0
62,8,376.5,579.0,33.5,9.0,1,2,0
63,1,1351.0,479.25,72.0,27.0,1,2,0
63,2,290.0,488.75,64.0,23.0,1,2,0
63,3,1211.0,484.75,22.0,6.5,1,2,0
63,8,380.0,496.75,33.0,9.0,1,2,0
64,1,1352.0,472.5,72.0,27.5,1,2,0
64,2,291.25,473.5,64.5,23.5,1,2,0
64,3,1215.0,476.75,22.0,6.5,1,2,0
64,8,383.75,481.75,33.0,9.5,1,2,0
65,1,1358.0,485.25,72.0,25.5,1,2,0
65,2,296.0,484.0,64.0,25.0,1,2,0
65,3,1223.0,488.75,22.0,6.5,1,2,0
65,8,390.5,493.75,33.5,9.0,1,2,0
66,1,1365.0,483.75,72.0,26.5,1,2,0
66,2,305.0,469.25,65.0,24.5,1,2,0
66,3,1233.0,485.25,22.0,6.5,1,2,0
66,8,399.0,479.5,33.0,9.5,1,2,0
67,1,1374.0,533.5,72.0,27.0,1,2,0
67,2,313.5,507.75,64.5,25.25,1,2,0
67,3,1244.0,535.5,20.0,6.0,1,2,0
67,8,407.5,519.0,34.5,10.0,1,2,0
68,1,1383.0,539.0,72.0,27.0,1,2,0
68,2,323.5,494.0,66.0,25.0,1,2,0
68,3,1256.0,537.5,22.0,6.0,1,2,0
68,8,420.5,504.75,33.0,11.75,1,2,0
69,1,1394.0,544.0,72.0,29.0,1,2,0
69,2,335.25,499.5,64.0,22.5,1,2,0
69,3,1268.0,544.5,22.0,6.0,1,2,0
69,8,431.5,508.75,33.0,11.25,1,2,0
70,1,1401.0,549.5,72.0,26.0,1,2,0
70,2,342.5,514.0,64.0,26.0,1,2,0
70,3,1278.0,549.0,22.0,6.0,1,2,0
70,8,439.0,527.5,33.5,9.0,1,2,0
71,1,1407.0,559.5,74.0,29.0,1,2,0
71,2,349.5,523.0,66.0,28.0,1,2,0
71,3,1288.0,562.0,22.0,6.0,1,2,0
71,8,446.5,537.5,33.5,11.0,1,2,0
72,1,1413.0,567.5,74.0,28.0,1,2,0
72,2,356.5,541.5,63.5,25.0,1,2,0
72,3,1296.0,571.5,22.0,6.0,1,2,0
72,8,453.5,553.5,31.0,9.0,1,2,0
73,1,1419.0,567.5,74.0,28.0,1,2,0
73,2,361.5,555.0,64.5,26.0,1,2,0
73,3,1303.0,573.0,24.0,6.0,1,2,0
73,8,462.5,568.0,29.0,8.0,1,2,0
74,1,1425.0,538.5,76.0,28.0,1,2,0
74,2,368.5,545.0,65.0,27.0,1,2,0
74,3,1313.0,546.0,22.0,6.0,1,2,0
74,8,470.25,557.5,30.0,8.0,1,2,0
75,1,1431.0,532.0,74.0,30.0,1,2,0
75,2,375.5,543.5,63.5,22.0,1,2,0
75,3,1321.0,540.5,22.0,6.0,1,2,0
75,8,478.5,550.0,34.5,9.0,1,2,0
76,1,1438.0,524.0,76.0,29.0,1,2,0
76,2,383.75,530.0,65.5,25.0,1,2,0
76,3,1332.0,531.0,20.0,6.0,1,2,0
76,8,486.0,538.5,33.5,9.0,1,2,0
77,1,1450.0,517.0,74.0,27.0,1,2,0
77,2,394.75,510.5,66.0,24.0,1,2,0
77,3,1347.0,520.5,20.0,6.0,1,2,0
77,8,499.25,519.0,32.75,9.0,1,2,0
78,1,1462.0,508.25,74.0,26.25,1,2,0
78,2,407.25,496.25,64.0,22.25,1,2,0
78,3,1363.0,510.0,20.0,6.0,1,2,0
78,8,513.5,503.75,35.0,9.25,1,2,0
79,1,1475.0,504.75,74.0,28.75,1,2,0
79,2,423.25,483.5,64.5,23.5,1,2,0
79,3,1378.0,507.0,22.0,6.0,1,2,0
79,8,527.5,494.0,33.0,9.0,1,2,0
80,1,1489.0,535.0,74.0,28.0,1,2,0
80,2,435.0,496.75,66.0,23.25,1,2,0
80,3,1396.0,535.5,20.0,6.0,1,2,0
80,8,544.0,507.75,32.0,9.75,1,2,0
81,1,1501.0,543.5,76.0,29.0,1,2,0
81,2,450.5,504.0,64.5,23.0,1,2,0
81,3,1412.0,544.5,20.0,6.0,1,2,0
81,8,559.0,515.0,30.0,9.0,1,2,0
82,1,1513.0,551.0,76.0,29.0,1,2,0
82,2,463.0,523.0,64.5,26.0,1,2,0
82,3,1425.0,554.0,20.0,6.0,1,2,0
82,8,571.0,536.0,32.0,9.0,1,2,0
83,1,1521.0,572.5,76.0,27.0,1,2,0
83,2,472.0,543.0,64.5,28.0,1,2,0
83,3,1435.0,574.0,24.0,6.0,1,2,0
83,8,578.5,558.0,33.0,9.0,1,2,0
84,1,1525.0,571.0,76.0,30.0,1,2,0
84,2,476.5,544.0,66.5,26.0,1,2,0
84,3,1443.0,576.0,22.0,6.0,1,2,0
84,8,587.0,558.0,32.0,9.0,1,2,0
85,1,1526.0,585.5,76.0,29.0,1,2,0
85,2,478.25,562.0,64.75,26.0,1,2,0
85,3,1447.0,591.0,22.0,6.0,1,2,0
85,8,589.0,576.5,31.0,9.0,1,2,0
86,1,1527.0,536.5,78.0,28.0,1,2,0
86,2,479.25,524.0,64.75,25.0,1,2,0
86,3,1450.0,540.5,22.0,6.0,1,2,0
86,8,592.0,535.0,32.0,9.0,1,2,0
87,1,1527.0,523.5,76.0,27.0,1,2,0
87,2,479.25,522.5,65.25,28.0,1,2,0
87,3,1453.0,528.5,20.0,5.0,1,2,0
87,8,591.5,534.0,33.0,10.0,1,2,0
88,1,1526.0,509.5,76.0,27.0,1,2,0
88,2,479.75,505.75,65.75,27.75,1,2,0
88,3,1455.0,514.0,20.0,6.0,1,2,0
88,8,594.0,517.0,33.0,10.0,1,2,0
89,1,1528.0,484.25,78.0,28.75,1,2,0
89,2,481.25,475.25,67.25,28.5,1,2,0
89,3,1461.0,489.5,22.0,5.5,1,2,0
89,8,599.0,488.5,34.0,9.5,1,2,0
90,1,1534.0,473.75,78.0,30.5,1,2,0
90,2,488.0,468.5,66.0,22.0,1,2,0
90,3,1470.0,479.75,22.0,6.0,1,2,0
90,8,605.0,476.0,33.0,8.5,1,2,0
91,1,1542.0,482.5,78.0,27.0,1,2,0
91,2,496.0,459.5,66.0,24.0,1,2,0
91,3,1480.0,483.75,22.0,6.0,1,2,0
91,8,615.0,470.5,33.0,9.0,1,2,0
92,1,1545.0,504.75,78.0,30.25,1,2,0
92,2,499.0,480.25,68.0,25.5,1,2,0
92,3,1486.0,510.5,22.0,6.0,1,2,0
92,8,619.0,493.0,34.0,8.5,1,2,0
93,1,1542.0,544.0,80.0,32.0,1,2,0
93,2,502.5,517.5,66.0,25.0,1,2,0
93,3,1487.0,551.0,24.0,6.0,1,2,0
93,8,623.0,531.0,28.0,8.0,1,2,0
94,1,1537.0,571.5,78.0,27.0,1,2,0
94,2,496.0,538.0,68.0,24.0,1,2,0
94,3,1483.0,574.0,22.0,6.0,1,2,0
94,8,616.0,551.0,32.0,9.0,1,2,0
95,1,1523.0,586.0,82.0,30.0,1,2,0
95,2,486.75,557.0,67.25,25.0,1,2,0
95,3,1477.0,591.5,22.0,6.0,1,2,0
95,8,608.0,570.0,31.0,9.0,1,2,0
96,1,1516.0,581.0,80.0,30.0,1,2,0
96,2,476.0,557.0,67.0,25.0,1,2,0
96,3,1469.0,586.0,22.0,6.0,1,2,0
96,8,598.5,570.0,33.0,9.0,1,2,0
97,1,1508.0,568.0,78.0,28.0,1,2,0
97,2,467.5,555.5,67.0,23.0,1,2,0
97,3,1462.0,572.0,24.0,6.0,1,2,0
97,8,591.0,564.5,34.0,10.0,1,2,0
98,1,1501.0,519.0,78.0,29.0,1,2,0
98,2,463.0,509.25,64.5,24.75,1,2,0
98,3,1459.0,523.5,22.0,6.0,1,2,0
98,8,585.5,518.5,35.0,10.0,1,2,0
99,1,1496.0,506.75,80.0,30.75,1,2,0
99,2,456.5,489.5,68.0,28.5,1,2,0
99,3,1458.0,512.5,22.0,6.0,1,2,0
99,8,584.5,504.0,33.0,9.5,1,2,0
100,1,1498.0,491.0,80.0,29.0,1,2,0
100,2,458.0,464.0,67.0,28.0,1,2,0
100,3,1461.0,494.5,22.0,6.0,1,2,0
100,8,586.5,477.75,32.0,10.0,1,2,0
101,1,1504.0,468.5,80.0,32.0,1,2,0
101,2,465.0,443.25,65.0,25.0,1,2,0
101,3,1471.0,473.5,22.0,6.5,1,2,0
101,8,594.0,455.25,31.0,9.5,1,2,0
102,1,1511.0,492.75,80.0,29.75,1,2,0
102,2,471.75,456.0,66.75,26.0,1,2,0
102,3,1479.0,496.25,22.0,6.0,1,2,0
102,8,602.0,468.25,32.0,11.0,1,2,0
103,1,1517.0,491.75,82.0,27.25,1,2,0
103,2,479.75,461.25,66.75,25.5,1,2,0
103,3,1489.0,493.25,22.0,6.0,1,2,0
103,8,609.0,473.75,33.0,9.5,1,2,0
104,1,1521.0,500.25,80.0,30.75,1,2,0
104,2,482.25,473.75,67.75,25.5,1,2,0
104,3,1494.0,505.75,20.0,6.0,1,2,0
104,8,614.5,486.75,32.0,9.5,1,2,0
105,1,1515.0,572.0,82.0,29.0,1,2,0
105,2,479.25,550.0,66.75,26.0,1,2,0
105,3,1491.0,577.5,22.0,6.0,1,2,0
105,8,610.5,564.5,34.0,8.0,1,2,0
106,1,1505.0,590.0,80.0,30.0,1,2,0
106,2,466.5,582.5,66.0,25.0,1,2,0
106,3,1483.0,597.5,22.0,6.0,1,2,0
106,8,601.0,594.5,32.0,9.0,1,2,0
107,1,1488.0,574.0,84.0,31.0,1,2,0
107,2,454.0,586.0,68.0,25.0,1,2,0
107,3,1472.0,583.5,20.0,6.0,1,2,0
107,8,588.5,597.0,29.0,8.0,1,2,0
108,1,1467.0,530.0,86.0,32.0,1,2,0
108,2,433.75,538.0,66.5,24.0,1,2,0
108,3,1455.0,539.0,20.0,6.0,1,2,0
108,8,571.5,547.0,32.0,9.0,1,2,0
109,1,1443.0,527.5,88.0,31.0,1,2,0
109,2,415.75,528.0,64.5,24.0,1,2,0
109,3,1437.0,535.0,20.0,6.0,1,2,0
109,8,552.5,537.0,33.0,10.0,1,2,0
110,1,1425.0,520.0,88.0,31.0,1,2,0
110,2,399.75,527.5,65.0,22.0,1,2,0
110,8,536.5,533.5,34.0,10.0,1,2,0
111,1,1412.0,509.25,86.0,31.75,1,2,0
111,2,383.0,492.25,66.5,24.75,1,2,0
111,8,522.5,503.25,33.0,9.75,1,2,0
112,1,1404.0,489.25,84.0,28.75,1,2,0
112,2,373.5,450.75,66.5,24.0,1,2,0
112,8,515.5,463.25,33.0,9.5,1,2,0
113,1,1403.0,457.25,84.0,29.0,1,2,0
113,2,372.0,418.25,66.5,23.5,1,2,0
113,8,513.0,429.75,31.0,9.5,1,2,0
114,1,1401.0,473.25,86.0,31.5,1,2,0
114,2,370.0,441.0,67.0,27.5,1,2,0
114,8,514.0,456.0,32.0,9.0,1,2,0
115,1,1399.0,516.0,84.0,31.0,1,2,0
115,2,368.25,489.0,68.0,26.0,1,2,0
115,8,513.5,502.0,34.0,10.5,1,2,0
116,1,1392.0,534.5,86.0,29.0,1,2,0
116,2,366.75,503.75,64.5,26.75,1,2,0
116,8,510.5,519.0,33.0,10.0,1,2,0
117,1,1383.0,537.0,86.0,29.0,1,2,0
117,2,355.75,527.5,66.5,23.0,1,2,0
117,8,501.5,538.0,29.0,8.0,1,2,0
118,1,1371.0,543.0,86.0,33.0,1,2,0
118,2,345.0,552.5,65.0,22.0,1,2,0
118,8,495.0,560.0,28.0,8.0,1,2,0
119,1,1357.0,556.5,84.0,32.0,1,2,0
119,2,329.25,570.0,68.0,21.0,1,2,0
119,8,480.0,576.5,33.0,8.0,1,2,0
120,1,1340.0,542.0,88.0,32.0,1,2,0
120,2,319.25,555.0,64.5,18.0,1,2,0
120,8,466.5,558.0,33.0,9.0,1,2,0
120,3,1364.0,545.5,34.0,11.0,1,2,0
121,1,1325.0,546.5,86.0,30.0,1,2,0
121,2,301.25,551.5,67.0,20.0,1,2,0
121,8,455.0,557.0,34.0,9.0,1,2,0
121,3,1350.0,546.0,38.0,13.0,1,2,0
122,1,1308.0,501.5,88.0,31.0,1,2,0
122,2,287.25,491.25,69.5,26.75,1,2,0
122,8,441.0,503.0,34.5,10.0,1,2,0
122,3,1339.0,501.75,32.0,12.75,1,2,0
123,1,1296.0,494.0,88.0,29.5,1,2,0
123,2,274.5,483.75,70.5,19.0,1,2,0
123,8,432.0,489.5,32.5,10.0,1,2,0
124,1,1285.0,487.75,88.0,30.25,1,2,0
124,2,265.0,462.25,69.0,25.0,1,2,0
124,8,423.0,474.75,31.5,9.0,1,2,0
125,1,1274.0,487.0,90.0,30.5,1,2,0
125,2,256.75,449.25,69.0,23.5,1,2,0
125,8,414.25,461.5,33.0,9.5,1,2,0
126,1,1262.0,501.0,90.0,33.0,1,2,0
126,2,246.25,470.25,69.0,25.0,1,2,0
126,8,406.25,484.5,30.5,9.0,1,2,0
127,1,1248.0,506.5,88.0,31.0,1,2,0
127,2,233.75,488.25,67.0,18.0,1,2,0
127,8,394.0,494.5,31.0,9.0,1,2,0
128,1,1230.0,523.5,88.0,29.0,1,2,0
128,2,218.75,497.0,65.0,21.0,1,2,0
128,8,378.25,507.25,33.0,8.75,1,2,0
129,1,1208.0,535.5,90.0,31.0,1,2,0
129,2,197.5,518.0,64.5,24.0,1,2,0
129,8,358.5,529.5,32.0,9.0,1,2,0
130,1,1180.0,529.0,90.0,33.0,1,2,0
130,2,171.75,520.5,65.5,22.0,1,2,0
130,8,335.0,526.5,32.0,13.0,1,2,0
131,1,1150.0,539.5,88.0,31.0,1,2,0
131,2,143.62,543.0,63.0,18.0,1,2,0
131,8,304.25,548.0,31.5,9.0,1,2,0
131,3,1214.0,540.0,24.0,11.0,1,2,0
132,1,1113.0,517.5,92.0,31.0,1,2,0
132,2,107.94,526.0,63.69,14.0,1,2,0
132,8,272.5,525.0,34.0,9.0,1,2,0
132,3,1179.0,520.0,26.0,9.0,1,2,0
133,1,1080.0,493.25,92.0,30.75,1,2,0
133,2,74.62,508.0,67.88,14.0,1,2,0
133,8,243.12,506.75,33.38,8.75,1,2,0
133,3,1153.0,496.25,24.0,8.0,1,2,0
134,1,1048.0,478.25,92.0,33.75,1,2,0
134,2,47.62,500.0,63.25,14.0,1,2,0
134,8,213.0,497.5,34.5,9.0,1,2,0
134,3,1127.0,484.75,24.0,7.0,1,2,0
135,1,1018.5,465.5,92.5,34.5,1,2,0
135,2,17.81,477.25,63.31,13.5,1,2,0
135,8,186.5,476.0,36.25,8.5,1,2,0
135,3,1103.0,473.0,22.0,6.5,1,2,0
136,1,992.0,454.25,92.0,35.5,1,2,0
136,2,1.14,465.0,55.67,15.5,1,2,0
136,8,163.5,462.5,33.25,9.5,1,2,0
136,3,1079.0,463.0,22.0,6.5,1,2,0
137,1,964.5,476.25,91.5,34.0,1,2,0
137,2,-0.0,469.25,30.94,12.5,1,2,0
137,8,134.0,470.0,37.25,9.0,1,2,0
137,3,1055.0,485.0,22.0,6.5,1,2,0
137,9,1854.0,509.25,38.0,14.75,1,2,0
138,1,933.5,474.5,92.5,35.5,1,2,0
138,2,-0.0,459.75,11.32,9.5,1,2,0
138,8,118.5,463.0,27.5,7.5,1,2,0
138,3,1027.0,485.0,22.0,6.0,1,2,0
138,9,1825.0,516.5,46.0,14.0,1,2,0
139,1,900.0,475.0,92.0,36.5,1,2,0
139,8,79.25,471.5,32.12,8.5,1,2,0
139,3,998.5,486.25,23.0,6.5,1,2,0
139,9,1797.0,508.5,40.0,15.0,1,2,0
140,1,866.5,476.25,93.0,36.75,1,2,0
140,8,54.66,478.25,30.28,8.0,1,2,0
140,3,968.0,487.0,23.0,6.5,1,2,0
140,9,1767.0,505.0,40.0,15.0,1,2,0
141,1,835.0,483.5,93.0,35.0,1,2,0
141,8,23.86,484.25,32.14,8.5,1,2,0
141,3,940.0,492.25,22.0,6.5,1,2,0
141,9,1740.0,507.0,40.0,16.0,1,2,0
142,1,805.0,521.0,92.0,35.0,1,2,0
142,3,915.0,530.0,21.0,6.0,1,2,0
142,9,1716.0,537.0,38.0,13.0,1,2,0
143,1,776.0,520.5,94.0,34.0,1,2,0
143,3,892.5,527.0,22.0,6.0,1,2,0
143,9,1693.0,520.0,40.0,12.0,1,2,0
144,1,746.5,516.5,96.0,35.0,1,2,0
144,3,870.0,523.0,24.0,6.0,1,2,0
144,9,1670.0,511.0,42.0,14.0,1,2,0
145,1,721.0,512.0,95.0,37.0,1,2,0
145,3,849.0,519.5,23.0,6.0,1,2,0
145,9,1650.0,508.25,40.0,14.25,1,2,0
146,1,697.0,499.25,95.0,34.75,1,2,0
146,3,831.5,504.25,23.0,6.5,1,2,0
146,9,1631.0,495.0,42.0,12.5,1,2,0
147,1,677.0,491.5,93.0,33.0,1,2,0
147,3,815.0,497.0,22.0,6.0,1,2,0
147,9,1616.0,500.75,40.0,12.75,1,2,0
148,1,658.5,484.5,94.0,32.0,1,2,0
148,3,801.0,490.25,22.0,7.0,1,2,0
148,9,1601.0,507.0,44.0,15.0,1,2,0
149,1,641.5,479.75,94.0,34.25,1,2,0
149,3,788.0,489.25,20.0,6.0,1,2,0
149,9,1589.0,511.25,40.0,14.75,1,2,0
150,1,624.0,485.5,95.0,33.5,1,2,0
150,3,775.0,493.75,21.0,6.5,1,2,0
150,9,1577.0,512.0,40.0,12.0,1,2,0
151,1,606.0,489.25,97.0,37.25,1,2,0
151,3,761.5,501.25,21.0,6.0,1,2,0
151,9,1564.0,510.5,40.0,13.0,1,2,0
152,1,588.0,504.0,97.0,33.0,1,2,0
152,3,749.0,511.75,21.0,5.75,1,2,0
152,9,1551.0,516.0,40.0,12.0,1,2,0
153,1,569.0,507.75,96.0,32.75,1,2,0
153,3,735.5,513.0,21.0,6.0,1,2,0
153,9,1537.0,508.25,42.0,12.75,1,2,0
154,1,549.0,481.5,97.0,35.5,1,2,0
154,3,721.0,487.25,22.0,6.5,1,2,0
154,9,1525.0,479.5,42.0,12.0,1,2,0
155,1,529.0,493.75,98.0,36.25,1,2,0
155,3,707.0,499.75,21.0,6.0,1,2,0
155,9,1511.0,483.0,42.0,13.5,1,2,0
156,1,507.0,500.0,99.0,35.0,1,2,0
156,3,693.0,505.25,21.0,6.0,1,2,0
156,9,1496.0,490.75,42.0,14.5,1,2,0
157,1,486.5,497.75,98.0,35.75,1,2,0
157,3,678.5,504.5,22.0,6.5,1,2,0
157,9,1482.0,498.5,42.0,12.5,1,2,0
158,1,467.25,469.0,98.25,36.5,1,2,0
158,3,663.0,476.75,22.0,6.5,1,2,0
158,9,1468.0,477.0,42.0,14.5,1,2,0
159,1,449.5,456.75,98.0,36.0,1,2,0
159,3,651.0,467.25,21.0,6.5,1,2,0
159,9,1458.0,481.5,40.0,17.0,1,2,0
160,1,434.0,446.5,99.5,37.5,1,2,0
160,3,640.0,459.75,23.0,6.5,1,2,0
160,9,1447.0,483.0,40.0,15.0,1,2,0
161,1,421.0,446.0,99.5,39.0,1,2,0
161,3,632.0,460.0,20.0,6.5,1,2,0
161,9,1440.0,477.5,42.0,15.0,1,2,0
162,1,406.25,452.75,99.5,38.0,1,2,0
162,3,623.5,464.0,21.0,7.0,1,2,0
162,9,1432.0,476.25,42.0,16.5,1,2,0
163,1,389.75,469.0,100.0,40.0,1,2,0
163,3,612.5,482.0,23.0,7.0,1,2,0
163,9,1423.0,490.0,40.0,16.0,1,2,0
164,1,370.5,484.25,99.5,41.25,1,2,0
164,3,599.0,495.5,22.0,7.0,1,2,0
164,9,1409.0,491.75,42.0,17.5,1,2,0
165,1,347.75,502.75,101.5,37.25,1,2,0
165,3,583.5,508.0,22.0,7.0,1,2,0
165,9,1393.0,491.0,42.0,18.5,1,2,0
165,11,1602.0,491.25,12.0,10.0,1,2,0
166,1,325.5,508.0,101.0,40.0,1,2,0
166,3,567.0,514.0,23.0,7.0,1,2,0
166,9,1377.0,492.75,42.0,16.5,1,2,0
166,11,1608.0,488.5,10.0,8.5,1,2,0
167,1,302.0,504.5,102.0,39.0,1,2,0
167,3,552.0,509.0,23.0,7.0,1,2,0
167,9,1362.0,489.5,42.0,18.0,1,2,0
167,11,1576.0,487.0,12.0,10.0,1,2,0
168,1,280.5,492.0,102.5,38.5,1,2,0
168,3,537.5,496.5,23.0,7.0,1,2,0
168,9,1349.0,487.25,42.0,14.0,1,2,0
168,11,1563.0,484.75,14.0,9.0,1,2,0
169,1,260.5,473.75,102.0,40.25,1,2,0
169,3,523.0,482.0,22.0,7.0,1,2,0
169,9,1336.0,479.25,40.0,16.5,1,2,0
169,11,1552.0,481.0,12.0,9.5,1,2,0
170,1,236.62,458.5,101.62,38.5,1,2,0
170,3,506.5,469.0,21.0,7.0,1,2,0
170,9,1319.0,483.0,40.0,18.5,1,2,0
170,11,1536.0,490.25,12.0,9.0,1,2,0
171,1,211.5,453.5,104.0,38.0,1,2,0
171,3,488.25,464.5,21.5,7.5,1,2,0
171,9,1299.0,486.5,42.0,17.0,1,2,0
171,11,1520.0,494.75,18.0,9.5,1,2,0
172,1,184.38,457.75,104.12,38.0,1,2,0
172,3,466.5,469.25,21.0,7.0,1,2,0
172,9,1279.0,486.5,42.0,20.5,1,2,0
172,11,1501.0,496.75,12.0,9.0,1,2,0
173,1,157.25,500.5,103.25,40.0,1,2,0
173,3,444.5,510.5,21.5,7.0,1,2,0
173,9,1259.0,511.25,40.0,19.75,1,2,0
173,11,1481.0,516.5,12.0,9.0,1,2,0
174,1,131.5,507.75,104.75,40.25,1,2,0
174,3,425.25,517.0,21.5,7.0,1,2,0
174,9,1240.0,513.5,40.0,19.0,1,2,0
174,11,1465.0,517.5,12.0,8.0,1,2,0
175,1,108.0,509.5,106.0,38.0,1,2,0
175,3,410.0,516.5,24.0,7.0,1,2,0
175,9,1224.0,514.0,44.0,16.0,1,2,0
175,11,1449.0,514.5,10.0,9.0,1,2,0
176,1,88.12,510.0,106.25,39.0,1,2,0
176,3,397.0,515.0,23.0,7.0,1,2,0
176,9,1211.0,505.5,42.0,17.0,1,2,0
176,13,1823.0,506.5,18.0,8.0,1,2,0
177,1,66.88,514.0,108.25,42.0,1,2,0
177,3,384.0,515.5,24.0,7.0,1,2,0
177,9,1200.0,491.75,42.0,16.0,1,2,0
177,13,1808.0,482.0,20.0,8.5,1,2,0
178,1,44.16,489.5,108.47,40.5,1,2,0
178,3,369.5,494.25,24.0,7.5,1,2,0
178,9,1186.0,487.75,44.0,15.5,1,2,0
178,13,1798.0,488.0,20.0,8.5,1,2,0
178,11,1416.0,486.0,16.0,9.0,1,2,0
179,1,23.66,492.5,106.84,41.0,1,2,0
179,3,356.5,495.0,22.5,7.0,1,2,0
179,9,1173.0,477.25,46.0,18.0,1,2,0
179,13,1782.0,476.75,22.0,8.5,1,2,0
179,11,1406.0,476.5,16.0,9.0,1,2,0
180,1,0.0,490.5,109.25,41.0,1,2,0
180,3,340.25,492.75,24.5,7.5,1,2,0
180,9,1159.0,482.5,42.0,14.0,1,2,0
180,13,1771.0,481.0,20.0,8.5,1,2,0
180,11,1394.0,479.25,14.0,9.0,1,2,0
181,1,0.06,488.75,84.75,39.25,1,2,0
181,3,325.25,490.75,24.0,7.5,1,2,0
181,9,1142.0,481.0,48.0,17.0,1,2,0
181,13,1755.0,485.5,20.0,8.5,1,2,0
181,11,1380.0,482.0,14.0,9.5,1,2,0
181,14,1725.0,480.5,14.0,8.0,1,2,0
182,1,0.05,489.75,63.45,31.75,1,2,0
182,3,311.25,486.5,24.0,7.0,1,2,0
182,9,1129.0,482.0,44.0,18.5,1,2,0
182,13,1744.0,491.5,20.0,8.5,1,2,0
182,11,1368.0,485.0,14.0,9.5,1,2,0
183,1,0.0,502.75,42.03,40.75,1,2,0
183,3,299.25,515.5,21.5,7.0,1,2,0
183,9,1118.0,530.5,42.0,16.0,1,2,0
183,13,1730.0,545.0,20.0,9.0,1,2,0
183,11,1358.0,537.5,10.0,7.0,1,2,0
184,1,0.0,499.75,26.25,36.75,1,2,0
184,3,290.0,509.75,23.5,7.25,1,2,0
184,9,1109.0,529.5,42.0,16.0,1,2,0
184,13,1722.0,546.0,20.0,9.0,1,2,0
184,11,1350.0,536.5,10.0,8.0,1,2,0
184,14,1691.0,542.5,14.0,8.0,1,2,0
185,3,280.5,517.0,24.0,7.0,1,2,0
185,9,1100.0,526.0,42.0,14.0,1,2,0
185,13,1715.0,532.5,20.0,8.0,1,2,0
185,14,1685.0,526.5,14.0,8.0,1,2,0
186,3,271.75,513.5,24.5,7.0,1,2,0
186,9,1090.0,522.5,44.0,15.0,1,2,0
186,13,1711.0,530.5,18.0,8.0,1,2,0
187,3,263.25,501.0,24.5,7.0,1,2,0
187,9,1083.0,505.25,44.0,16.75,1,2,0
187,13,1701.0,513.0,22.0,9.0,1,2,0
187,11,1336.0,508.25,10.0,7.25,1,2,0
188,3,252.12,510.5,23.38,7.0,1,2,0
188,9,1074.0,510.25,44.0,15.75,1,2,0
188,13,1698.0,511.25,18.0,8.75,1,2,0
188,11,1324.0,511.25,12.0,7.75,1,2,0
188,14,1663.0,509.25,16.0,7.25,1,2,0
189,3,242.75,530.0,26.0,7.0,1,2,0
189,9,1064.0,516.0,44.0,16.0,1,2,0
189,13,1684.0,511.25,22.0,8.25,1,2,0
189,11,1317.0,514.5,12.0,7.0,1,2,0
189,14,1655.0,509.0,14.0,7.0,1,2,0
190,3,232.25,518.0,24.5,7.0,1,2,0
190,9,1054.0,486.5,44.0,15.5,1,2,0
190,13,1678.0,471.0,20.0,8.5,1,2,0
190,11,1311.0,480.0,10.0,8.0,1,2,0
191,3,217.25,501.25,22.75,7.0,1,2,0
191,9,1037.0,480.5,46.0,20.0,1,2,0
191,13,1663.0,480.5,18.0,8.5,1,2,0
191,11,1295.0,480.5,10.0,10.0,1,2,0
192,3,201.75,514.0,22.5,7.0,1,2,0
192,9,1023.0,488.75,46.0,20.5,1,2,0
192,13,1653.0,485.75,20.0,8.0,1,2,0
193,3,185.12,515.5,23.5,7.0,1,2,0
193,9,1008.0,498.75,46.0,17.25,1,2,0
193,13,1640.0,492.25,20.0,9.5,1,2,0
193,11,1272.0,495.75,10.0,8.5,1,2,0
194,3,171.88,513.5,25.0,7.0,1,2,0
194,9,992.0,497.0,47.0,19.0,1,2,0
194,13,1622.0,495.5,22.0,9.0,1,2,0
194,11,1259.0,496.75,12.0,8.5,1,2,0
195,3,159.0,497.5,23.25,7.0,1,2,0
195,9,978.5,496.5,46.5,16.5,1,2,0
195,13,1609.0,502.0,20.0,8.5,1,2,0
195,11,1245.0,497.0,12.0,8.5,1,2,0
195,14,1582.0,498.5,12.0,9.5,1,2,0
196,3,143.62,471.5,25.0,7.0,1,2,0
196,9,966.5,489.0,47.0,17.0,1,2,0
196,13,1600.0,510.25,20.0,8.25,1,2,0
196,11,1236.0,496.75,12.0,9.5,1,2,0
196,14,1575.0,504.5,12.0,8.5,1,2,0
197,3,134.88,471.5,24.5,6.5,1,2,0
197,9,957.0,475.75,47.0,20.0,1,2,0
197,13,1590.0,494.5,22.0,9.0,1,2,0
197,11,1228.0,484.5,12.0,8.5,1,2,0
197,14,1566.0,490.25,14.0,9.5,1,2,0
198,3,125.06,467.0,24.81,7.0,1,2,0
198,9,947.0,469.25,48.0,20.0,1,2,0
198,13,1584.0,487.0,22.0,8.5,1,2,0
198,11,1221.0,477.75,12.0,8.0,1,2,0
198,16,1147.0,474.75,8.0,6.5,1,2,0
199,3,115.38,471.5,24.62,7.0,1,2,0
199,9,938.0,470.75,50.0,21.0,1,2,0
199,13,1572.0,487.75,22.0,9.0,1,2,0
199,11,1214.0,479.5,12.0,8.0,1,2,0
199,16,1155.0,477.0,10.0,6.5,1,2,0
199,14,1548.0,483.25,14.0,11.5,1,2,0
200,3,105.69,487.75,23.94,6.5,1,2,0
200,9,928.5,477.5,51.0,22.0,1,2,0
200,13,1567.0,489.75,22.0,9.5,1,2,0
200,11,1207.0,483.75,14.0,9.5,1,2,0
200,16,1192.0,484.25,12.0,6.5,1,2,0
200,14,1540.0,486.5,16.0,9.0,1,2,0
201,3,94.88,500.5,24.75,7.0,1,2,0
201,9,918.0,487.5,49.0,21.0,1,2,0
201,13,1558.0,494.25,22.0,9.0,1,2,0
201,11,1199.0,490.5,14.0,9.5,1,2,0
201,16,1187.0,489.75,10.0,8.0,1,2,0
201,14,1536.0,490.25,14.0,9.0,1,2,0
202,3,85.56,515.5,23.38,6.0,1,2,0
202,9,908.5,491.25,52.0,21.25,1,2,0
202,13,1552.0,489.75,22.0,9.5,1,2,0
202,11,1191.0,491.5,14.0,10.0,1,2,0
202,16,1177.0,491.75,10.0,7.0,1,2,0
202,14,1526.0,487.25,14.0,10.0,1,2,0
203,3,76.69,532.5,24.62,7.0,1,2,0
203,9,898.0,495.75,51.0,22.75,1,2,0
203,13,1543.0,484.0,20.0,9.5,1,2,0
203,11,1170.0,491.75,10.0,9.0,1,2,0
203,16,1184.0,493.25,14.0,9.5,1,2,0
203,14,1520.0,481.5,12.0,9.5,1,2,0
204,3,68.19,513.5,22.88,6.0,1,2,0
204,9,888.5,493.5,52.0,21.0,1,2,0
204,13,1533.0,492.5,22.0,9.0,1,2,0
204,11,1162.0,493.75,12.0,7.0,1,2,0
204,16,1178.0,494.25,14.0,10.0,1,2,0
204,14,1510.0,490.0,14.0,8.0,1,2,0
205,3,64.69,512.0,23.75,6.0,1,2,0
205,9,886.0,489.0,49.0,21.5,1,2,0
205,13,1532.0,487.75,20.0,8.5,1,2,0
205,11,1162.0,490.0,8.0,6.5,1,2,0
205,16,1176.0,486.25,14.0,13.5,1,2,0
206,3,61.53,508.75,21.47,6.75,1,2,0
206,9,881.5,488.75,52.0,24.25,1,2,0
206,13,1530.0,491.75,22.0,9.5,1,2,0
206,11,1158.0,491.75,12.0,6.0,1,2,0
206,16,1175.0,488.75,14.0,13.0,1,2,0
206,14,1506.0,488.25,16.0,7.5,1,2,0
207,3,57.19,510.75,24.12,6.75,1,2,0
207,9,877.5,494.5,51.0,24.5,1,2,0
207,13,1528.0,500.5,20.0,9.5,1,2,0
207,11,1158.0,498.75,10.0,7.0,1,2,0
207,16,1173.0,500.75,12.0,8.5,1,2,0
207,14,1505.0,497.0,14.0,8.0,1,2,0
208,3,52.81,503.75,23.38,6.5,1,2,0
208,9,874.0,495.75,52.0,24.75,1,2,0
208,13,1528.0,509.5,18.0,9.0,1,2,0
208,11,1154.0,503.5,10.0,6.5,1,2,0
208,16,1172.0,506.25,12.0,8.25,1,2,0
208,14,1506.0,506.0,12.0,7.5,1,2,0
209,3,50.56,486.5,26.12,6.5,1,2,0
209,9,871.5,495.75,52.0,21.25,1,2,0
209,13,1528.0,516.5,22.0,9.0,1,2,0
209,11,1153.0,505.25,12.0,5.5,1,2,0
209,16,1173.0,504.25,12.0,10.25,1,2,0
209,14,1504.0,512.0,14.0,7.0,1,2,0
210,3,54.06,477.0,23.38,6.0,1,2,0
210,9,875.5,484.75,52.0,23.0,1,2,0
210,13,1531.0,509.5,20.0,9.0,1,2,0
210,11,1158.0,496.0,12.0,6.0,1,2,0
210,16,1178.0,497.0,14.0,9.5,1,2,0
210,14,1508.0,506.5,16.0,8.5,1,2,0
211,3,62.5,483.25,25.5,6.5,1,2,0
211,9,883.5,479.25,52.0,23.0,1,2,0
211,13,1541.0,494.25,22.0,10.5,1,2,0
211,11,1168.0,486.75,12.0,6.5,1,2,0
211,16,1191.0,485.5,12.0,11.5,1,2,0
212,3,71.0,517.5,25.5,7.0,1,2,0
212,9,892.5,520.5,51.0,22.0,1,2,0
212,13,1550.0,534.0,22.0,9.0,1,2,0
212,11,1177.0,528.0,12.0,6.0,1,2,0
212,16,1202.0,528.5,12.0,9.0,1,2,0
212,14,1530.0,530.5,14.0,9.0,1,2,0
213,3,74.69,516.5,27.25,7.0,1,2,0
213,9,898.5,521.0,52.0,23.0,1,2,0
213,13,1559.0,536.0,22.0,10.0,1,2,0
213,11,1188.0,529.5,10.0,6.0,1,2,0
213,16,1211.0,532.0,12.0,9.0,1,2,0
213,14,1538.0,531.5,14.0,9.0,1,2,0
214,3,79.25,534.5,25.38,6.0,1,2,0
214,9,900.5,538.0,53.0,22.0,1,2,0
214,13,1563.0,550.0,22.0,9.0,1,2,0
214,11,1192.0,544.0,10.0,7.0,1,2,0
214,16,1215.0,545.0,14.0,10.0,1,2,0
214,14,1543.0,546.5,12.0,9.0,1,2,0
215,3,79.5,561.5,24.0,7.0,1,2,0
215,9,899.5,555.5,53.0,23.0,1,2,0
215,13,1566.0,558.5,20.0,9.0,1,2,0
215,11,1192.0,558.0,10.0,7.0,1,2,0
215,16,1218.0,560.0,12.0,9.0,1,2,0
215,14,1544.0,555.0,14.0,8.0,1,2,0
216,3,79.81,575.5,25.0,7.0,1,2,0
216,9,899.0,550.0,53.0,26.0,1,2,0
216,13,1568.0,542.5,20.0,9.0,1,2,0
216,11,1193.0,549.0,12.0,7.0,1,2,0
216,16,1220.0,547.0,12.0,12.0,1,2,0
216,14,1548.0,538.5,12.0,9.0,1,2,0
217,3,78.25,558.0,24.88,7.0,1,2,0
217,9,898.5,538.0,52.0,22.0,1,2,0
217,13,1569.0,531.0,18.0,8.0,1,2,0
217,16,1221.0,534.5,12.0,11.0,1,2,0
218,3,79.25,532.5,25.25,7.0,1,2,0
218,9,897.5,513.0,53.0,22.0,1,2,0
218,13,1569.0,507.75,20.0,8.75,1,2,0
218,16,1196.0,510.5,12.0,7.0,1,2,0
218,11,1151.0,511.5,8.0,6.0,1,2,0
218,14,1551.0,505.0,14.0,9.5,1,2,0
219,3,80.0,512.5,25.0,6.0,1,2,0
219,9,897.5,499.0,54.0,23.5,1,2,0
219,13,1576.0,504.5,20.0,10.0,1,2,0
219,16,1200.0,503.25,10.0,6.5,1,2,0
219,11,1229.0,504.0,12.0,9.0,1,2,0
219,14,1554.0,502.75,16.0,8.5,1,2,0
220,3,81.75,492.5,22.25,6.0,1,2,0
220,9,900.5,484.25,53.0,22.0,1,2,0
220,13,1578.0,494.0,20.0,9.5,1,2,0
220,16,1205.0,488.25,10.0,6.5,1,2,0
220,11,1233.0,488.5,14.0,10.5,1,2,0
220,14,1559.0,491.0,14.0,10.0,1,2,0
221,3,82.81,474.75,25.12,6.5,1,2,0
221,9,901.5,472.5,55.0,25.0,1,2,0
221,13,1579.0,491.0,22.0,10.5,1,2,0
221,16,1207.0,482.75,12.0,6.0,1,2,0
221,11,1237.0,481.5,16.0,11.0,1,2,0
221,14,1562.0,488.0,14.0,9.5,1,2,0
222,3,88.0,480.75,23.75,7.0,1,2,0
222,9,906.0,494.5,54.0,22.0,1,2,0
222,13,1587.0,518.5,18.0,9.0,1,2,0
222,16,1216.0,505.75,8.0,6.25,1,2,0
222,11,1244.0,507.5,14.0,10.0,1,2,0
223,3,95.56,483.5,23.75,6.5,1,2,0
223,9,912.5,494.75,53.0,22.25,1,2,0
223,13,1596.0,519.0,18.0,8.0,1,2,0
223,16,1223.0,504.5,10.0,7.5,1,2,0
223,11,1254.0,507.5,12.0,9.0,1,2,0
223,18,1020.0,499.75,10.0,6.5,1,2,0
224,3,101.06,487.5,25.62,6.5,1,2,0
224,9,919.5,496.25,54.0,21.75,1,2,0
224,13,1606.0,517.5,20.0,9.0,1,2,0
224,16,1230.0,506.25,10.0,5.5,1,2,0
224,11,1262.0,506.75,14.0,10.25,1,2,0
224,18,1028.0,500.25,12.0,6.0,1,2,0
225,3,107.81,493.25,24.94,6.5,1,2,0
225,9,926.0,499.5,54.0,23.5,1,2,0
225,13,1611.0,519.5,20.0,10.0,1,2,0
225,16,1238.0,508.5,10.0,7.0,1,2,0
225,11,1274.0,510.75,12.0,9.75,1,2,0
225,18,1036.0,504.5,12.0,6.5,1,2,0
226,3,114.31,509.75,26.19,6.75,1,2,0
226,9,932.0,506.75,55.0,24.75,1,2,0
226,13,1614.0,518.0,22.0,9.0,1,2,0
226,16,1247.0,514.5,12.0,6.0,1,2,0
226,11,1280.0,515.0,16.0,10.0,1,2,0
226,18,1048.0,511.5,8.0,7.0,1,2,0
227,3,118.06,534.5,25.94,7.0,1,2,0
227,9,936.0,524.5,55.0,23.0,1,2,0
227,13,1626.0,528.5,22.0,9.0,1,2,0
227,16,1253.0,527.0,12.0,6.0,1,2,0
227,18,1051.0,529.0,10.0,6.0,1,2,0
228,3,120.19,556.5,25.94,7.0,1,2,0
228,9,937.5,533.5,56.0,26.0,1,2,0
228,13,1631.0,529.0,20.0,9.0,1,2,0
228,18,1056.0,537.0,10.0,6.0,1,2,0
229,3,117.88,549.0,26.0,7.0,1,2,0
229,9,936.5,537.0,55.0,24.0,1,2,0
229,13,1632.0,539.0,20.0,9.0,1,2,0
229,18,1056.0,540.0,12.0,7.0,1,2,0
229,11,1294.0,542.0,12.0,8.0,1,2,0
229,16,1257.0,539.0,10.0,7.0,1,2,0
230,3,117.5,548.0,26.5,7.0,1,2,0
230,9,936.0,537.5,55.0,24.0,1,2,0
230,13,1633.0,538.5,22.0,9.0,1,2,0
230,18,1057.0,539.5,14.0,8.0,1,2,0
230,11,1297.0,541.5,12.0,8.0,1,2,0
230,16,1259.0,540.0,10.0,6.0,1,2,0
231,3,118.81,538.5,24.69,7.0,1,2,0
231,9,935.0,534.0,56.0,23.0,1,2,0
231,13,1637.0,537.0,20.0,10.0,1,2,0
231,18,1059.0,538.0,12.0,6.0,1,2,0
231,11,1298.0,538.0,12.0,10.0,1,2,0
231,16,1262.0,538.5,10.0,6.0,1,2,0
231,14,1618.0,536.5,16.0,7.0,1,2,0
232,3,121.44,519.0,22.94,7.0,1,2,0
232,9,936.0,527.5,55.0,23.0,1,2,0
232,13,1640.0,542.5,20.0,9.0,1,2,0
232,18,1063.0,533.5,12.0,7.0,1,2,0
232,11,1304.0,539.0,12.0,8.0,1,2,0
232,16,1264.0,537.0,12.0,6.0,1,2,0
232,14,1625.0,538.0,14.0,9.0,1,2,0
233,3,124.56,498.5,23.56,7.0,1,2,0
233,9,938.0,520.5,54.0,22.0,1,2,0
233,13,1642.0,546.5,20.0,10.0,1,2,0
233,18,1065.0,527.5,14.0,7.0,1,2,0
233,11,1312.0,537.0,8.0,9.0,1,2,0
233,16,1269.0,535.0,10.0,6.0,1,2,0
233,14,1624.0,543.0,16.0,8.0,1,2,0
234,3,127.62,495.0,25.0,7.0,1,2,0
234,9,941.0,513.0,55.0,23.0,1,2,0
234,13,1649.0,540.0,20.0,9.0,1,2,0
234,18,1072.0,520.5,12.0,6.0,1,2,0
234,11,1319.0,530.0,10.0,8.0,1,2,0
234,16,1273.0,527.5,12.0,5.0,1,2,0
234,14,1633.0,536.5,14.0,9.0,1,2,0
235,3,130.62,499.5,25.5,7.0,1,2,0
235,9,944.5,510.25,55.0,22.75,1,2,0
235,13,1656.0,530.0,18.0,9.0,1,2,0
235,18,1077.0,515.5,12.0,6.0,1,2,0
235,11,1325.0,521.0,8.0,10.0,1,2,0
235,16,1278.0,520.0,12.0,6.0,1,2,0
236,3,131.25,496.5,23.25,7.0,1,2,0
236,9,947.0,506.25,54.0,23.25,1,2,0
236,13,1656.0,527.5,20.0,9.0,1,2,0
236,18,1080.0,511.5,10.0,8.0,1,2,0
236,11,1324.0,519.0,12.0,9.0,1,2,0
236,16,1282.0,518.0,10.0,6.0,1,2,0
237,3,129.62,504.25,25.75,6.5,1,2,0
237,9,945.0,504.0,56.0,25.0,1,2,0
237,13,1662.0,521.5,18.0,9.0,1,2,0
237,18,1083.0,510.0,8.0,6.0,1,2,0
237,11,1329.0,513.5,12.0,10.0,1,2,0
237,16,1284.0,514.0,12.0,5.0,1,2,0
238,3,127.62,516.5,26.25,7.0,1,2,0
238,9,942.0,507.0,56.0,25.0,1,2,0
238,13,1660.0,515.5,18.0,9.0,1,2,0
238,18,1080.0,511.25,12.0,7.75,1,2,0
238,11,1328.0,512.5,12.0,10.0,1,2,0
238,16,1285.0,512.0,12.0,7.0,1,2,0
239,3,121.19,533.0,25.69,7.0,1,2,0
239,9,935.5,515.0,57.0,26.0,1,2,0
239,13,1657.0,515.5,22.0,10.0,1,2,0
239,18,1077.0,519.5,12.0,6.0,1,2,0
239,11,1325.0,518.5,12.0,8.0,1,2,0
239,16,1279.0,517.0,12.0,7.0,1,2,0
240,3,112.06,539.5,25.06,7.0,1,2,0
240,9,925.5,526.5,56.0,26.0,1,2,0
240,13,1649.0,529.0,20.0,9.0,1,2,0
240,18,1069.0,530.5,10.0,5.0,1,2,0
240,11,1272.0,529.5,10.0,6.0,1,2,0
240,16,1227.0,527.5,8.0,7.0,1,2,0
241,3,100.56,543.5,27.38,7.0,1,2,0
241,9,914.5,537.0,56.0,23.0,1,2,0
241,13,1639.0,538.5,20.0,9.0,1,2,0
241,18,1060.0,538.5,12.0,6.0,1,2,0
241,11,1308.0,540.5,12.0,9.0,1,2,0
242,3,92.44,542.5,23.5,7.0,1,2,0
242,9,905.0,538.0,55.0,23.0,1,2,0
242,13,1630.0,541.5,22.0,9.0,1,2,0
242,18,1052.0,541.0,14.0,6.0,1,2,0
242,11,1304.0,542.0,10.0,8.0,1,2,0
242,16,1256.0,541.0,10.0,6.0,1,2,0
243,3,86.69,526.5,25.5,7.0,1,2,0
243,9,898.0,531.5,57.0,22.0,1,2,0
243,13,1628.0,543.0,20.0,9.0,1,2,0
243,18,1047.0,535.0,14.0,7.0,1,2,0
243,11,1298.0,538.5,12.0,9.0,1,2,0
243,16,1249.0,538.5,12.0,6.0,1,2,0
244,3,85.88,501.5,26.88,6.5,1,2,0
244,9,898.0,511.75,57.0,24.75,1,2,0
244,13,1629.0,537.0,18.0,9.0,1,2,0
244,18,1049.0,520.0,12.0,5.0,1,2,0
244,11,1305.0,527.0,8.0,9.0,1,2,0
244,16,1252.0,524.5,10.0,6.0,1,2,0
245,3,94.5,466.5,26.12,7.0,1,2,0
245,9,905.5,487.75,58.0,24.75,1,2,0
245,13,1637.0,525.0,18.0,9.0,1,2,0
245,18,1059.0,497.75,12.0,5.5,1,2,0
245,11,1310.0,507.5,14.0,11.0,1,2,0
246,3,108.38,464.25,25.0,7.0,1,2,0
246,9,920.5,469.75,58.0,24.0,1,2,0
246,13,1659.0,495.75,18.0,10.0,1,2,0
246,18,1073.0,477.5,14.0,6.5,1,2,0
246,11,1327.0,483.25,14.0,11.0,1,2,0
246,16,1280.0,482.0,10.0,6.5,1,2,0
247,3,126.0,471.75,26.5,6.5,1,2,0
247,9,938.0,475.0,59.0,24.5,1,2,0
247,13,1672.0,496.25,22.0,10.0,1,2,0
247,18,1095.0,481.0,14.0,6.0,1,2,0
247,11,1382.0,486.25,8.0,7.0,1,2,0
247,16,1348.0,486.0,14.0,10.5,1,2,0
248,3,139.12,536.5,28.25,7.0,1,2,0
248,9,952.0,536.5,58.0,26.0,1,2,0
248,16,1368.0,546.5,12.0,9.0,1,2,0
249,3,150.38,557.5,27.5,7.0,1,2,0
249,9,961.0,552.0,59.0,23.0,1,2,0
249,16,1382.0,556.5,10.0,7.0,1,2,0
249,14,1701.0,553.0,24.0,9.0,1,2,0
249,18,1121.0,552.5,14.0,8.0,1,2,0
250,3,154.62,582.5,25.75,7.0,1,2,0
250,9,964.5,566.5,61.5,27.0,1,2,0
250,14,1707.0,561.5,22.0,8.0,1,2,0
251,3,154.62,568.0,26.0,7.0,1,2,0
251,9,963.5,555.0,60.0,26.0,1,2,0
251,14,1714.0,552.0,18.0,9.0,1,2,0
251,18,1130.0,558.0,14.0,7.0,1,2,0
251,16,1333.0,555.5,12.0,7.0,1,2,0
252,3,152.0,553.5,26.5,7.0,1,2,0
252,9,960.5,545.5,62.0,25.0,1,2,0
252,14,1712.0,547.0,20.0,9.0,1,2,0
252,18,1128.0,548.0,16.0,7.0,1,2,0
253,3,150.25,524.0,26.75,7.0,1,2,0
253,9,956.5,517.0,60.0,26.0,1,2,0
253,14,1713.0,524.0,20.0,9.0,1,2,0
253,18,1127.0,521.0,16.0,7.0,1,2,0
253,16,1332.0,520.5,12.0,6.0,1,2,0
254,3,145.25,510.25,28.0,7.25,1,2,0
254,9,952.5,515.0,61.0,25.0,1,2,0
254,14,1710.0,530.5,18.0,9.0,1,2,0
254,18,1126.0,520.0,16.0,7.0,1,2,0
254,16,1288.0,522.0,8.0,6.0,1,2,0
254,11,1330.0,523.0,12.0,6.0,1,2,0
255,3,143.25,474.0,26.0,7.0,1,2,0
255,9,949.0,500.0,61.0,26.0,1,2,0
255,14,1707.0,539.0,20.0,9.0,1,2,0
255,18,1125.0,509.5,14.0,9.0,1,2,0
255,11,1332.0,520.5,10.0,7.0,1,2,0
256,3,145.0,460.25,27.75,7.0,1,2,0
256,9,953.0,472.0,62.0,26.5,1,2,0
256,14,1715.0,504.0,20.0,9.5,1,2,0
256,18,1131.0,480.25,14.0,6.5,1,2,0
256,11,1392.0,491.0,16.0,10.5,1,2,0
256,16,1334.0,487.5,14.0,6.5,1,2,0
257,3,148.75,430.75,28.75,7.5,1,2,0
257,9,957.5,444.25,64.0,26.5,1,2,0
257,14,1722.0,481.25,18.0,10.0,1,2,0
257,18,1137.0,454.0,14.0,6.5,1,2,0
257,11,1399.0,465.5,16.0,10.5,1,2,0
257,16,1341.0,463.0,12.0,6.5,1,2,0
258,3,157.88,462.75,26.75,7.5,1,2,0
258,9,966.0,463.0,64.0,28.0,1,2,0
258,14,1734.0,487.25,20.0,9.0,1,2,0
258,18,1147.0,471.5,14.0,6.0,1,2,0
258,11,1410.0,478.0,16.0,10.5,1,2,0
258,16,1292.0,474.75,6.0,5.5,1,2,0
259,3,167.25,471.75,26.5,7.5,1,2,0
259,9,975.0,476.0,65.0,28.0,1,2,0
259,14,1744.0,502.5,22.0,10.0,1,2,0
259,18,1159.0,484.5,14.0,7.0,1,2,0
259,11,1424.0,494.25,14.0,9.5,1,2,0
260,3,171.0,529.5,28.75,7.0,1,2,0
260,9,976.5,533.0,66.5,28.0,1,2,0
260,14,1751.0,550.5,20.0,9.0,1,2,0
260,18,1163.0,539.5,14.0,7.0,1,2,0
260,11,1435.0,547.5,10.0,8.0,1,2,0
261,3,168.75,572.0,26.25,7.0,1,2,0
261,9,973.0,560.0,66.0,29.0,1,2,0
261,14,1751.0,559.5,20.0,9.0,1,2,0
261,18,1163.0,561.0,14.0,11.0,1,2,0
262,3,161.12,585.5,27.25,7.0,1,2,0
262,9,964.5,569.0,65.5,28.0,1,2,0
262,14,1745.0,562.0,22.0,9.0,1,2,0
262,18,1158.0,570.5,12.0,7.0,1,2,0
263,3,151.75,584.0,27.75,8.0,1,2,0
263,9,955.0,571.5,66.0,29.0,1,2,0
263,14,1739.0,570.0,22.0,9.0,1,2,0
263,18,1153.0,575.5,12.0,7.0,1,2,0
264,3,149.0,535.0,27.5,7.0,1,2,0
264,9,950.0,519.5,66.0,27.0,1,2,0
264,14,1736.0,519.5,22.0,9.0,1,2,0
264,18,1148.0,522.0,16.0,6.0,1,2,0
264,16,1292.0,520.5,10.0,7.0,1,2,0
264,11,1446.0,519.0,10.0,8.0,1,2,0
265,3,151.0,511.0,27.5,7.0,1,2,0
265,9,950.5,496.25,66.0,28.75,1,2,0
265,14,1737.0,503.0,22.0,10.0,1,2,0
265,18,1152.0,502.0,14.0,6.0,1,2,0
265,11,1417.0,503.0,16.0,9.5,1,2,0
266,3,158.0,481.75,28.25,7.0,1,2,0
266,9,958.5,473.5,66.5,27.5,1,2,0
266,14,1753.0,489.5,18.0,9.0,1,2,0
266,18,1162.0,477.5,14.0,7.5,1,2,0
266,11,1430.0,482.75,16.0,10.5,1,2,0
266,16,1308.0,480.25,8.0,6.0,1,2,0
267,3,168.12,453.75,29.25,7.0,1,2,0
267,9,968.5,455.5,67.5,27.5,1,2,0
267,14,1763.0,481.5,22.0,10.0,1,2,0
267,18,1175.0,463.5,14.0,6.0,1,2,0
267,11,1441.0,470.5,20.0,12.0,1,2,0
267,16,1320.0,467.5,8.0,6.0,1,2,0
268,3,179.75,454.75,26.5,7.0,1,2,0
268,9,976.0,479.5,68.0,28.0,1,2,0
268,14,1776.0,524.0,18.0,10.0,1,2,0
268,18,1181.0,490.5,18.0,7.0,1,2,0
268,11,1455.0,506.0,14.0,10.0,1,2,0
268,16,1348.0,496.75,8.0,6.5,1,2,0
268,22,1391.0,500.25,12.0,7.5,1,2,0
269,3,191.5,464.5,26.75,7.0,1,2,0
269,9,989.0,478.0,68.0,28.0,1,2,0
269,14,1794.0,513.5,18.0,9.0,1,2,0
269,18,1200.0,487.0,16.0,7.5,1,2,0
269,11,1471.0,500.5,16.0,10.5,1,2,0
269,16,1345.0,494.0,8.0,5.5,1,2,0
269,22,1405.0,495.75,14.0,6.5,1,2,0
270,3,203.0,498.25,25.25,7.0,1,2,0
270,9,999.0,519.5,68.0,29.0,1,2,0
270,14,1803.0,554.0,20.0,10.0,1,2,0
270,11,1482.0,543.0,14.0,9.0,1,2,0
270,16,1358.0,528.0,8.0,7.0,1,2,0
270,22,1418.0,538.0,12.0,6.0,1,2,0
271,3,216.12,520.5,26.0,7.0,1,2,0
271,9,1011.0,527.5,70.0,29.0,1,2,0
271,14,1818.0,548.0,22.0,9.0,1,2,0
271,11,1499.0,542.0,16.0,10.0,1,2,0
271,22,1431.0,539.0,14.0,6.0,1,2,0
271,18,1224.0,534.0,20.0,8.0,1,2,0
272,3,231.62,522.5,26.62,7.0,1,2,0
272,9,1027.0,532.0,70.0,29.0,1,2,0
272,14,1837.0,553.0,22.0,9.0,1,2,0
272,11,1518.0,548.0,10.0,9.0,1,2,0
272,22,1449.0,544.0,14.0,7.0,1,2,0
272,18,1244.0,539.0,16.0,7.0,1,2,0
273,3,250.12,524.0,27.88,7.0,1,2,0
273,9,1045.0,534.0,70.0,28.0,1,2,0
273,14,1860.0,555.0,20.0,9.0,1,2,0
273,11,1543.0,549.5,14.0,8.0,1,2,0
273,18,1266.0,541.0,14.0,7.0,1,2,0
274,3,269.0,529.5,28.5,7.0,1,2,0
274,9,1065.0,532.0,72.0,29.0,1,2,0
274,14,1886.0,545.0,18.0,9.0,1,2,0
274,18,1287.0,536.5,18.0,7.0,1,2,0
274,22,1494.0,539.5,14.0,7.0,1,2,0
275,3,289.25,542.5,27.5,7.0,1,2,0
275,9,1082.0,529.5,72.0,29.0,1,2,0
275,18,1309.0,531.5,16.0,7.0,1,2,0
276,3,304.0,534.0,27.0,7.0,1,2,0
276,9,1096.0,520.5,74.0,31.0,1,2,0
276,18,1327.0,524.0,14.0,7.0,1,2,0
277,3,313.0,546.5,28.0,7.0,1,2,0
277,9,1105.0,532.0,72.0,31.0,1,2,0
277,18,1337.0,533.0,16.0,9.0,1,2,0
277,11,1616.0,535.0,14.0,8.0,1,2,0
278,3,317.75,548.0,28.5,7.0,1,2,0
278,9,1107.0,544.5,74.0,31.0,1,2,0
278,18,1345.0,547.5,14.0,8.0,1,2,0
278,22,1553.0,549.5,10.0,7.0,1,2,0
279,3,320.75,515.0,28.0,7.0,1,2,0
279,9,1109.0,510.5,76.0,31.0,1,2,0
279,18,1350.0,514.5,16.0,8.0,1,2,0
279,11,1630.0,521.5,16.0,9.0,1,2,0
280,3,322.25,506.0,27.5,7.5,1,2,0
280,9,1110.0,511.25,74.0,30.75,1,2,0
280,18,1352.0,518.0,16.0,8.0,1,2,0
280,11,1632.0,527.0,14.0,9.0,1,2,0
281,3,322.25,491.0,28.0,7.5,1,2,0
281,9,1108.0,509.5,76.0,29.0,1,2,0
281,18,1352.0,519.0,18.0,8.0,1,2,0
281,11,1639.0,529.5,12.0,11.0,1,2,0
281,22,1560.0,525.5,12.0,7.0,1,2,0
282,3,324.25,474.25,27.5,7.5,1,2,0
282,9,1108.0,498.5,76.0,32.0,1,2,0
282,18,1356.0,512.0,16.0,7.0,1,2,0
282,11,1640.0,526.5,16.0,9.0,1,2,0
282,22,1564.0,523.5,10.0,7.0,1,2,0
283,3,328.25,460.25,28.0,7.5,1,2,0
283,9,1113.0,486.25,76.0,31.25,1,2,0
283,18,1363.0,499.75,14.0,8.0,1,2,0
283,11,1643.0,516.5,18.0,10.0,1,2,0
283,22,1564.0,511.0,18.0,7.0,1,2,0
284,3,333.75,458.5,27.5,7.5,1,2,0
284,9,1118.0,476.0,76.0,32.5,1,2,0
284,18,1371.0,487.25,16.0,8.5,1,2,0
284,11,1655.0,504.75,16.0,9.25,1,2,0
285,3,341.0,482.25,27.5,7.5,1,2,0
285,9,1124.0,495.5,76.0,33.0,1,2,0
285,18,1379.0,506.0,14.0,8.0,1,2,0
285,11,1662.0,521.5,18.0,10.0,1,2,0
285,22,1585.0,515.5,14.0,7.0,1,2,0
286,3,347.5,486.25,27.0,7.0,1,2,0
286,9,1130.0,498.25,78.0,31.25,1,2,0
286,18,1390.0,507.25,14.0,7.75,1,2,0
286,11,1671.0,520.0,16.0,9.0,1,2,0
287,3,352.0,495.75,27.5,7.5,1,2,0
287,9,1133.0,499.0,78.0,31.0,1,2,0
287,18,1397.0,507.5,12.0,6.5,1,2,0
287,11,1681.0,516.0,16.0,9.0,1,2,0
287,22,1600.0,511.75,14.0,8.25,1,2,0
288,3,354.5,509.25,29.5,7.25,1,2,0
288,9,1136.0,499.5,78.0,33.0,1,2,0
288,18,1400.0,504.5,14.0,7.5,1,2,0
288,11,1693.0,510.75,12.0,8.75,1,2,0
289,3,353.25,521.5,28.5,7.0,1,2,0
289,9,1132.0,507.5,80.0,33.0,1,2,0
289,18,1401.0,511.0,14.0,7.0,1,2,0
289,11,1712.0,509.5,8.0,9.0,1,2,0
289,22,1608.0,510.75,14.0,7.75,1,2,0
290,3,348.25,525.5,29.0,8.0,1,2,0
290,9,1125.0,518.5,80.0,32.0,1,2,0
290,18,1400.0,523.5,16.0,7.0,1,2,0
290,11,1687.0,527.5,16.0,9.0,1,2,0
291,3,341.0,524.0,28.0,7.0,1,2,0
291,9,1116.0,527.0,80.0,32.0,1,2,0
291,18,1392.0,532.0,16.0,8.0,1,2,0
291,11,1698.0,536.5,8.0,9.0,1,2,0
291,22,1682.0,540.0,14.0,9.0,1,2,0
292,3,334.5,524.0,28.5,7.0,1,2,0
292,9,1108.0,527.5,80.0,31.0,1,2,0
292,18,1387.0,534.0,18.0,8.0,1,2,0
292,11,1698.0,539.0,10.0,8.0,1,2,0
292,22,1684.0,541.0,14.0,10.0,1,2,0
293,3,327.25,509.25,29.5,7.75,1,2,0
293,9,1101.0,523.5,80.0,31.0,1,2,0
293,18,1382.0,533.0,18.0,8.0,1,2,0
293,11,1677.0,544.0,14.0,9.0,1,2,0
293,22,1693.0,540.0,10.0,8.0,1,2,0
294,3,323.0,484.0,28.0,7.5,1,2,0
294,9,1093.0,517.0,82.0,31.0,1,2,0
294,18,1378.0,531.5,18.0,8.0,1,2,0
294,11,1672.0,553.0,14.0,9.0,1,2,0
294,22,1584.0,543.5,14.0,7.0,1,2,0
295,3,319.25,472.0,29.0,7.5,1,2,0
295,9,1090.0,506.5,82.0,32.0,1,2,0
295,18,1375.0,524.0,18.0,7.0,1,2,0
295,11,1668.0,542.0,16.0,9.0,1,2,0
296,3,313.0,485.25,29.0,7.5,1,2,0
296,9,1084.0,501.5,84.0,34.0,1,2,0
296,18,1375.0,514.0,14.0,9.0,1,2,0
296,11,1666.0,528.5,14.0,9.0,1,2,0
296,22,1580.0,522.5,16.0,7.0,1,2,0
297,3,305.25,512.5,29.0,8.0,1,2,0
297,9,1077.0,526.5,82.0,34.0,1,2,0
297,18,1367.0,537.0,16.0,8.0,1,2,0
297,11,1663.0,549.5,16.0,9.0,1,2,0
297,22,1578.0,542.5,12.0,8.0,1,2,0
298,3,296.75,534.0,30.5,8.0,1,2,0
298,9,1067.0,543.0,84.0,35.0,1,2,0
298,18,1363.0,551.5,14.0,9.0,1,2,0
298,11,1656.0,562.0,22.0,9.0,1,2,0
299,3,290.25,550.0,29.5,7.0,1,2,0
299,9,1060.0,551.0,84.0,34.0,1,2,0
299,18,1360.0,558.5,14.0,8.0,1,2,0
299,11,1663.0,565.0,12.0,9.0,1,2,0
299,22,1564.0,560.5,16.0,8.0,1,2,0
300,3,283.25,562.5,29.5,8.0,1,2,0
300,9,1051.0,558.0,84.0,36.0,1,2,0
300,18,1353.0,563.0,16.0,9.0,1,2,0
300,11,1650.0,567.0,14.0,10.0,1,2,0
300,22,1560.0,565.0,16.0,8.0,1,2,0
301,3,276.5,555.0,30.5,8.0,1,2,0
301,9,1043.0,540.0,84.0,35.0,1,2,0
301,18,1348.0,543.5,18.0,8.0,1,2,0
301,22,1556.0,542.0,14.0,7.0,1,2,0
302,3,264.75,544.5,29.5,8.0,1,2,0
302,9,1028.0,543.0,86.0,35.0,1,2,0
302,18,1340.0,549.5,16.0,8.0,1,2,0
303,3,255.25,539.0,29.0,7.0,1,2,0
303,9,1017.5,538.0,84.5,34.0,1,2,0
303,18,1330.0,544.5,18.0,8.0,1,2,0
303,22,1536.0,546.0,20.0,8.0,1,2,0
303,11,1637.0,551.0,14.0,9.0,1,2,0
304,3,244.5,521.5,29.0,8.0,1,2,0
304,9,1005.0,528.5,86.0,34.0,1,2,0
304,18,1322.0,537.0,16.0,9.0,1,2,0
304,22,1527.0,542.5,18.0,7.0,1,2,0
304,11,1629.0,548.5,12.0,9.0,1,2,0
305,3,234.62,510.25,32.12,7.75,1,2,0
305,9,995.5,519.5,86.5,34.0,1,2,0
305,18,1315.0,530.5,16.0,9.0,1,2,0
305,22,1520.0,537.0,18.0,7.0,1,2,0
305,11,1622.0,541.5,14.0,11.0,1,2,0
306,3,225.12,499.75,29.75,7.5,1,2,0
306,9,983.5,518.0,84.5,33.0,1,2,0
306,18,1307.0,531.5,16.0,7.0,1,2,0
306,22,1512.0,538.0,16.0,7.0,1,2,0
306,11,1618.0,545.5,12.0,10.0,1,2,0
307,3,215.5,467.75,29.5,7.5,1,2,0
307,9,973.0,484.5,87.0,35.5,1,2,0
307,18,1298.0,501.75,16.0,7.5,1,2,0
307,22,1472.0,510.25,8.0,6.25,1,2,0
307,11,1503.0,512.0,16.0,7.0,1,2,0
308,3,203.88,474.25,29.75,8.0,1,2,0
308,9,961.5,484.75,87.5,34.75,1,2,0
308,18,1291.0,497.0,14.0,7.5,1,2,0
308,22,1594.0,510.75,18.0,9.75,1,2,0
308,11,1502.0,504.25,10.0,8.25,1,2,0
309,3,191.5,479.0,31.25,7.5,1,2,0
309,9,948.0,487.75,87.0,35.25,1,2,0
309,22,1584.0,513.0,18.0,9.0,1,2,0
309,11,1485.0,505.75,14.0,7.75,1,2,0
310,3,178.0,489.25,29.25,7.5,1,2,0
310,9,931.5,491.25,89.0,36.75,1,2,0
310,22,1576.0,514.0,18.0,10.0,1,2,0
310,11,1473.0,509.5,18.0,6.0,1,2,0
310,18,1270.0,503.0,12.0,7.0,1,2,0
311,3,161.88,505.5,30.5,8.5,1,2,0
311,9,913.5,501.25,90.0,37.75,1,2,0
311,22,1571.0,516.5,14.0,10.0,1,2,0
311,11,1461.0,512.0,16.0,7.0,1,2,0
311,18,1255.0,509.75,14.0,7.25,1,2,0
312,3,143.75,519.0,30.5,8.0,1,2,0
312,9,893.5,507.75,90.0,37.25,1,2,0
312,11,1443.0,515.0,16.0,8.0,1,2,0
312,18,1237.0,514.0,16.0,7.0,1,2,0
313,3,124.88,528.5,28.25,7.0,1,2,0
313,9,872.0,514.5,93.0,36.0,1,2,0
313,11,1424.0,519.5,18.0,7.0,1,2,0
313,18,1220.0,519.5,16.0,8.0,1,2,0
313,23,1852.0,523.5,22.0,10.0,1,2,0
313,22,1536.0,523.0,16.0,10.0,1,2,0
314,3,104.5,521.0,29.25,8.0,1,2,0
314,9,848.0,514.0,93.0,36.0,1,2,0
314,11,1406.0,520.5,18.0,8.0,1,2,0
314,18,1201.0,520.0,18.0,8.0,1,2,0
314,23,1832.0,528.5,22.0,10.0,1,2,0
315,3,85.0,511.5,30.88,8.0,1,2,0
315,9,829.0,508.25,91.0,37.75,1,2,0
315,11,1389.0,520.5,20.0,7.0,1,2,0
315,18,1185.0,517.0,18.0,8.0,1,2,0
315,23,1816.0,529.5,22.0,9.0,1,2,0
315,22,1494.0,521.5,24.0,13.0,1,2,0
316,3,68.5,498.25,29.0,8.0,1,2,0
316,9,810.0,502.0,93.0,38.0,1,2,0
316,11,1375.0,521.0,18.0,6.0,1,2,0
316,18,1170.0,514.0,18.0,9.0,1,2,0
316,23,1802.0,533.5,20.0,10.0,1,2,0
316,22,1480.0,523.0,26.0,13.0,1,2,0
317,3,55.78,497.5,26.34,7.5,1,2,0
317,9,794.5,498.0,94.0,38.0,1,2,0
317,18,1158.0,510.75,18.0,7.25,1,2,0
317,23,1793.0,526.5,18.0,8.0,1,2,0
317,22,1471.0,518.0,22.0,11.0,1,2,0
318,3,43.88,492.5,32.25,8.0,1,2,0
318,9,783.5,493.25,93.0,37.75,1,2,0
318,18,1151.0,505.0,18.0,8.0,1,2,0
318,23,1784.0,520.5,20.0,12.0,1,2,0
318,22,1472.0,516.0,14.0,10.0,1,2,0
318,11,1354.0,510.5,20.0,7.0,1,2,0
319,3,34.81,488.0,28.94,7.0,1,2,0
319,9,772.0,487.0,95.0,39.5,1,2,0
319,18,1145.0,500.0,16.0,8.0,1,2,0
319,23,1778.0,519.5,20.0,10.0,1,2,0
319,22,1456.0,509.25,22.0,11.25,1,2,0
319,24,1760.0,515.5,14.0,8.0,1,2,0
319,11,1348.0,505.75,18.0,6.75,1,2,0
320,3,30.91,490.5,28.5,7.5,1,2,0
320,9,765.0,491.0,95.0,39.0,1,2,0
320,18,1141.0,504.0,14.0,7.5,1,2,0
320,23,1775.0,522.5,22.0,10.0,1,2,0
320,22,1454.0,512.0,22.0,13.0,1,2,0
320,24,1754.0,518.0,16.0,8.0,1,2,0
320,11,1344.0,509.0,16.0,7.0,1,2,0
321,3,26.88,536.5,30.5,7.0,1,2,0
321,9,760.5,533.5,97.0,39.0,1,2,0
321,18,1140.0,542.0,16.0,9.0,1,2,0
321,23,1776.0,552.5,22.0,10.0,1,2,0
322,3,26.72,551.0,30.0,8.0,1,2,0
322,9,759.5,538.0,96.0,40.0,1,2,0
322,18,1139.0,542.5,20.0,8.0,1,2,0
322,23,1779.0,542.5,18.0,10.0,1,2,0
322,22,1457.0,543.0,20.0,12.0,1,2,0
322,24,1759.0,537.0,16.0,8.0,1,2,0
322,11,1346.0,543.0,16.0,6.0,1,2,0
323,3,28.47,560.5,28.31,8.0,1,2,0
323,9,757.0,541.0,99.0,39.0,1,2,0
323,18,1142.0,542.0,20.0,8.0,1,2,0
323,22,1460.0,540.0,10.0,10.0,1,2,0
323,11,1350.0,538.0,16.0,8.0,1,2,0
324,3,31.12,557.5,28.19,8.0,1,2,0
324,9,756.5,540.5,97.0,38.0,1,2,0
324,18,1150.0,540.0,18.0,8.0,1,2,0
324,22,1465.0,539.0,10.0,11.0,1,2,0
324,11,1355.0,537.5,16.0,8.0,1,2,0
324,23,1788.0,534.5,24.0,10.0,1,2,0
324,24,1764.0,532.0,16.0,8.0,1,2,0
325,3,34.44,546.5,29.44,8.0,1,2,0
325,9,757.5,532.5,99.0,39.0,1,2,0
325,18,1156.0,535.5,18.0,8.0,1,2,0
325,22,1473.0,535.0,20.0,11.0,1,2,0
325,11,1360.0,535.5,18.0,7.0,1,2,0
325,23,1796.0,533.5,20.0,10.0,1,2,0
325,24,1770.0,530.5,18.0,8.0,1,2,0
326,3,40.28,527.0,30.97,9.0,1,2,0
326,9,760.5,515.5,98.0,39.0,1,2,0
326,18,1164.0,519.0,20.0,10.0,1,2,0
326,22,1370.0,520.0,18.0,8.0,1,2,0
326,11,1340.0,520.5,12.0,6.0,1,2,0
326,23,1806.0,525.0,22.0,10.0,1,2,0
326,24,1779.0,520.5,16.0,9.0,1,2,0
327,3,48.09,516.5,27.59,8.0,1,2,0
327,9,765.0,512.0,99.0,39.0,1,2,0
327,18,1175.0,519.0,18.0,7.0,1,2,0
327,22,1348.0,520.0,12.0,6.0,1,2,0
327,11,1326.0,521.0,10.0,5.0,1,2,0
327,23,1817.0,527.0,20.0,12.0,1,2,0
327,24,1788.0,523.5,16.0,7.0,1,2,0
328,3,54.94,507.25,30.75,7.75,1,2,0
328,9,770.5,509.5,98.0,40.0,1,2,0
328,18,1184.0,521.0,16.0,7.0,1,2,0
328,22,1390.0,525.5,16.0,7.0,1,2,0
328,23,1826.0,538.5,22.0,10.0,1,2,0
328,25,1513.0,533.0,12.0,9.0,1,2,0
329,3,61.31,495.75,28.25,8.5,1,2,0
329,9,771.0,509.75,101.0,41.25,1,2,0
329,18,1193.0,527.5,14.0,8.0,1,2,0
329,22,1402.0,535.0,10.0,8.0,1,2,0
329,23,1835.0,554.5,20.0,10.0,1,2,0
329,25,1508.0,540.5,10.0,12.0,1,2,0
330,3,62.81,507.5,30.25,8.5,1,2,0
330,9,769.5,518.5,102.0,41.0,1,2,0
330,18,1196.0,533.5,16.0,9.0,1,2,0
330,22,1400.0,540.0,14.0,8.0,1,2,0
330,23,1840.0,557.5,20.0,9.0,1,2,0
330,25,1513.0,546.5,10.0,10.0,1,2,0
331,3,57.84,528.5,27.91,8.0,1,2,0
331,9,763.0,532.0,103.0,41.0,1,2,0
331,18,1196.0,542.0,16.0,8.0,1,2,0
331,22,1399.0,546.0,16.0,8.0,1,2,0
331,23,1840.0,557.0,20.0,11.0,1,2,0
331,25,1512.0,549.5,10.0,11.0,1,2,0
331,11,1349.0,545.5,10.0,6.0,1,2,0
332,3,49.06,537.5,32.62,8.0,1,2,0
332,9,749.5,544.0,102.0,42.0,1,2,0
332,18,1187.0,555.0,16.0,9.0,1,2,0
332,22,1391.0,560.5,16.0,7.0,1,2,0
332,23,1833.0,569.5,20.0,10.0,1,2,0
332,25,1507.0,564.5,10.0,10.0,1,2,0
333,3,34.66,506.25,31.59,8.25,1,2,0
333,9,733.0,507.25,105.0,41.75,1,2,0
333,18,1178.0,517.5,14.0,9.0,1,2,0
333,22,1381.0,522.0,16.0,8.0,1,2,0
333,23,1824.0,534.0,20.0,9.0,1,2,0
333,25,1498.0,524.5,26.0,14.0,1,2,0
333,24,1796.0,529.0,14.0,9.0,1,2,0
333,11,1355.0,521.0,10.0,8.0,1,2,0
334,3,20.8,504.5,31.02,7.5,1,2,0
334,9,715.0,498.5,105.0,42.0,1,2,0
334,18,1165.0,504.0,14.0,9.5,1,2,0
334,22,1367.0,507.5,16.0,8.0,1,2,0
334,23,1813.0,518.0,20.0,10.0,1,2,0
334,25,1496.0,514.0,16.0,10.0,1,2,0
334,24,1786.0,514.0,16.0,8.0,1,2,0
335,3,4.49,501.75,31.79,8.5,1,2,0
335,9,695.0,495.5,106.0,42.0,1,2,0
335,18,1149.0,501.5,16.0,9.5,1,2,0
335,22,1353.0,504.75,20.0,8.75,1,2,0
335,23,1800.0,514.5,24.0,12.0,1,2,0
335,25,1472.0,506.75,24.0,14.25,1,2,0
335,24,1771.0,510.75,18.0,8.25,1,2,0
335,11,1304.0,506.25,14.0,5.5,1,2,0
336,3,-0.0,495.5,16.34,7.5,1,2,0
336,9,675.0,485.5,108.0,42.0,1,2,0
336,18,1134.0,493.5,18.0,7.0,1,2,0
336,22,1335.0,495.5,20.0,7.0,1,2,0
336,23,1786.0,504.25,22.0,11.25,1,2,0
336,25,1460.0,498.0,20.0,12.0,1,2,0
337,9,656.5,475.75,109.0,42.75,1,2,0
337,18,1121.0,481.5,18.0,8.0,1,2,0
337,22,1324.0,483.75,18.0,7.5,1,2,0
337,23,1771.0,492.0,22.0,12.0,1,2,0
337,25,1449.0,487.75,24.0,12.0,1,2,0
337,24,1744.0,488.25,18.0,8.5,1,2,0
338,9,638.0,495.5,110.0,43.0,1,2,0
338,18,1109.0,499.75,16.0,8.5,1,2,0
338,25,1436.0,503.25,24.0,12.75,1,2,0
338,11,1313.0,501.75,14.0,6.5,1,2,0
339,9,620.5,499.25,112.0,42.25,1,2,0
339,18,1096.0,499.0,16.0,8.5,1,2,0
339,25,1424.0,500.75,24.0,12.75,1,2,0
339,11,1300.0,499.25,18.0,7.5,1,2,0
339,22,1275.0,499.25,12.0,6.0,1,2,0
339,23,1752.0,499.75,24.0,13.25,1,2,0
339,24,1721.0,498.75,20.0,7.5,1,2,0
340,9,602.5,502.25,114.0,42.25,1,2,0
340,18,1087.0,504.25,16.0,8.25,1,2,0
340,25,1414.0,506.25,26.0,13.75,1,2,0
340,11,1291.0,503.75,18.0,8.0,1,2,0
340,23,1742.0,507.0,22.0,12.0,1,2,0
340,24,1713.0,504.5,18.0,8.5,1,2,0
341,9,591.0,512.0,116.0,44.0,1,2,0
341,18,1081.0,509.0,18.0,9.0,1,2,0
341,25,1408.0,507.5,28.0,14.0,1,2,0
341,11,1284.0,506.5,18.0,8.5,1,2,0
341,23,1736.0,505.5,22.0,11.5,1,2,0
341,24,1708.0,503.5,18.0,8.0,1,2,0
342,9,579.5,518.5,117.0,43.0,1,2,0
342,18,1077.0,522.5,18.0,9.0,1,2,0
342,25,1405.0,527.0,26.0,12.0,1,2,0
342,11,1281.0,524.0,14.0,8.0,1,2,0
342,23,1734.0,527.0,22.0,12.0,1,2,0
343,9,572.5,520.5,119.0,43.0,1,2,0
343,18,1076.0,523.5,18.0,8.0,1,2,0
343,25,1406.0,525.5,26.0,12.0,1,2,0
343,11,1280.0,524.0,18.0,7.0,1,2,0
343,23,1735.0,525.5,20.0,12.0,1,2,0
343,24,1703.0,524.0,20.0,9.0,1,2,0
344,9,568.0,512.0,119.0,45.0,1,2,0
344,18,1079.0,519.0,18.0,8.0,1,2,0
344,25,1410.0,522.5,22.0,12.0,1,2,0
344,11,1283.0,520.5,18.0,8.0,1,2,0
344,23,1739.0,526.0,20.0,11.0,1,2,0
344,24,1706.0,521.0,18.0,9.0,1,2,0
344,22,1233.0,521.5,12.0,5.0,1,2,0
345,9,562.5,508.5,121.0,44.0,1,2,0
345,18,1082.0,516.5,20.0,9.0,1,2,0
345,25,1413.0,522.0,24.0,14.0,1,2,0
345,11,1285.0,519.5,18.0,8.0,1,2,0
345,23,1743.0,529.0,20.0,11.0,1,2,0
345,24,1711.0,525.0,16.0,8.0,1,2,0
345,22,1236.0,520.0,12.0,6.0,1,2,0
346,9,559.0,502.25,123.0,45.75,1,2,0
346,18,1087.0,518.0,16.0,8.0,1,2,0
346,25,1419.0,527.5,24.0,15.0,1,2,0
346,11,1289.0,524.5,18.0,7.0,1,2,0
346,23,1747.0,539.5,22.0,11.0,1,2,0
346,24,1716.0,533.0,14.0,9.0,1,2,0
346,22,1239.0,522.5,12.0,6.0,1,2,0
347,9,558.0,499.5,124.0,46.0,1,2,0
347,18,1090.0,517.0,20.0,8.0,1,2,0
347,25,1425.0,528.0,26.0,14.0,1,2,0
347,11,1294.0,522.5,18.0,8.0,1,2,0
347,23,1756.0,542.0,14.0,8.0,1,2,0
347,22,1247.0,522.5,12.0,5.0,1,2,0
348,9,556.5,500.0,125.0,46.0,1,2,0
348,18,1099.0,513.5,14.0,8.0,1,2,0
348,25,1431.0,521.5,26.0,15.0,1,2,0
348,11,1304.0,519.0,10.0,7.0,1,2,0
348,23,1763.0,534.0,18.0,10.0,1,2,0
348,24,1729.0,529.5,16.0,7.0,1,2,0
349,9,552.5,497.5,126.0,48.0,1,2,0
349,18,1099.0,510.5,20.0,10.0,1,2,0
349,25,1434.0,519.5,28.0,16.0,1,2,0
349,11,1303.0,517.5,16.0,7.0,1,2,0
349,23,1766.0,529.5,22.0,11.0,1,2,0
349,24,1731.0,525.0,16.0,8.0,1,2,0
349,22,1256.0,516.0,12.0,6.0,1,2,0
350,9,546.0,498.25,126.0,45.75,1,2,0
350,18,1100.0,511.25,20.0,9.25,1,2,0
350,25,1437.0,521.5,26.0,15.0,1,2,0
350,11,1304.0,518.5,18.0,7.0,1,2,0
350,23,1767.0,533.0,24.0,11.0,1,2,0
350,24,1732.0,528.0,18.0,8.0,1,2,0
350,22,1255.0,517.5,16.0,6.0,1,2,0
351,9,536.0,506.75,129.0,47.75,1,2,0
351,18,1100.0,513.0,20.0,9.0,1,2,0
351,25,1437.0,515.0,28.0,18.0,1,2,0
351,11,1304.0,517.5,16.0,7.0,1,2,0
351,23,1769.0,525.5,20.0,9.0,1,2,0
351,24,1734.0,519.5,16.0,9.0,1,2,0
351,22,1257.0,518.0,14.0,6.0,1,2,0
351,26,1424.0,518.5,10.0,8.0,1,2,0
352,9,525.0,523.5,130.0,47.0,1,2,0
352,18,1099.0,521.0,16.0,9.0,1,2,0
352,25,1436.0,517.0,28.0,16.0,1,2,0
352,11,1301.0,520.0,20.0,7.0,1,2,0
352,23,1769.0,519.0,24.0,12.0,1,2,0
352,24,1732.0,514.0,18.0,8.0,1,2,0
352,22,1254.0,520.0,14.0,6.0,1,2,0
352,26,1423.0,518.5,10.0,7.0,1,2,0
353,9,510.5,536.0,130.0,48.0,1,2,0
353,18,1092.0,530.5,16.0,10.0,1,2,0
353,25,1430.0,527.5,28.0,15.0,1,2,0
353,11,1298.0,530.5,12.0,6.0,1,2,0
353,23,1764.0,526.0,20.0,10.0,1,2,0
353,26,1417.0,526.5,10.0,9.0,1,2,0
354,9,493.5,540.5,132.0,49.0,1,2,0
354,18,1084.0,539.0,18.0,9.0,1,2,0
354,25,1422.0,535.0,30.0,17.0,1,2,0
354,11,1287.0,538.5,18.0,7.0,1,2,0
354,23,1757.0,534.0,22.0,12.0,1,2,0
354,26,1412.0,536.5,8.0,8.0,1,2,0
354,24,1720.0,532.0,16.0,8.0,1,2,0
354,22,1265.0,539.0,10.0,6.0,1,2,0
355,9,479.5,523.5,133.0,49.0,1,2,0
355,18,1081.0,520.5,18.0,10.0,1,2,0
355,25,1420.0,517.5,28.0,16.0,1,2,0
355,11,1259.0,520.0,12.0,7.0,1,2,0
355,23,1753.0,517.5,26.0,13.0,1,2,0
355,26,1284.0,520.0,18.0,8.0,1,2,0
355,24,1717.0,513.5,18.0,9.0,1,2,0
355,22,1239.0,521.5,10.0,6.0,1,2,0
356,9,462.0,512.5,136.0,50.0,1,2,0
356,18,1072.0,522.0,18.0,8.0,1,2,0
356,25,1413.0,527.0,24.0,13.0,1,2,0
356,11,1256.0,523.0,8.0,8.0,1,2,0
356,23,1750.0,531.5,20.0,11.0,1,2,0
356,26,1280.0,523.0,16.0,8.0,1,2,0
356,22,1231.0,525.5,10.0,5.0,1,2,0
357,9,449.0,499.0,134.0,50.0,1,2,0
357,18,1066.0,515.0,22.0,9.0,1,2,0
357,25,1408.0,522.5,32.0,16.0,1,2,0
357,11,1249.0,518.5,10.0,7.0,1,2,0
357,23,1745.0,530.0,20.0,13.0,1,2,0
357,26,1271.0,519.5,18.0,8.0,1,2,0
357,22,1224.0,519.5,14.0,6.0,1,2,0
357,24,1707.0,526.0,18.0,8.0,1,2,0
358,9,432.5,480.0,137.5,51.5,1,2,0
358,18,1062.0,507.5,18.0,9.0,1,2,0
358,25,1401.0,521.0,30.0,17.0,1,2,0
358,11,1241.0,516.0,12.0,6.0,1,2,0
358,23,1740.0,540.5,20.0,11.0,1,2,0
358,26,1264.0,516.5,18.0,8.0,1,2,0
358,22,1217.0,515.0,14.0,6.0,1,2,0
358,27,1387.0,522.0,14.0,6.0,1,2,0
358,24,1700.0,534.0,18.0,7.0,1,2,0
359,9,418.25,482.5,137.75,51.5,1,2,0
359,18,1055.0,503.25,20.0,8.5,1,2,0
359,25,1397.0,510.25,30.0,19.25,1,2,0
359,11,1234.0,508.25,12.0,7.75,1,2,0
359,23,1735.0,528.0,22.0,11.0,1,2,0
359,26,1257.0,509.0,18.0,8.0,1,2,0
359,22,1211.0,508.5,12.0,6.5,1,2,0
359,24,1693.0,522.0,18.0,8.0,1,2,0
360,9,400.5,488.5,141.0,52.0,1,2,0
360,18,1047.0,509.25,16.0,8.75,1,2,0
360,25,1388.0,518.0,32.0,17.0,1,2,0
360,11,1230.0,511.5,8.0,9.0,1,2,0
360,23,1728.0,532.0,22.0,13.0,1,2,0
360,26,1250.0,516.5,16.0,7.0,1,2,0
360,22,1205.0,514.5,10.0,7.0,1,2,0
360,24,1691.0,524.0,16.0,10.0,1,2,0
361,9,382.0,495.75,141.5,51.25,1,2,0
361,18,1035.0,512.5,24.0,10.0,1,2,0
361,25,1380.0,524.0,30.0,14.0,1,2,0
361,11,1222.0,517.5,8.0,10.0,1,2,0
361,23,1720.0,535.0,28.0,11.0,1,2,0
361,26,1241.0,519.5,18.0,8.0,1,2,0
361,22,1196.0,519.0,10.0,6.0,1,2,0
361,24,1678.0,528.0,20.0,9.0,1,2,0
361,27,1362.0,522.5,14.0,7.0,1,2,0
362,9,355.5,474.25,145.5,51.25,1,2,0
362,18,1023.5,489.75,19.5,10.5,1,2,0
362,25,1366.0,498.5,30.0,18.5,1,2,0
362,23,1706.0,513.5,22.0,11.0,1,2,0
362,26,1226.0,496.75,16.0,7.5,1,2,0
362,22,1183.0,496.5,10.0,6.0,1,2,0
362,24,1666.0,508.75,18.0,7.25,1,2,0
362,27,1348.0,501.0,14.0,6.5,1,2,0
363,9,330.5,484.0,147.0,52.5,1,2,0
363,18,1008.0,494.75,20.0,10.0,1,2,0
363,25,1353.0,502.25,30.0,16.75,1,2,0
363,23,1695.0,511.25,24.0,13.25,1,2,0
363,26,1213.0,500.75,20.0,7.0,1,2,0
363,24,1651.0,508.0,24.0,9.0,1,2,0
363,27,1337.0,503.5,12.0,7.0,1,2,0
364,9,307.5,496.25,148.5,53.25,1,2,0
364,18,995.5,500.25,16.0,7.5,1,2,0
364,25,1340.0,499.0,34.0,18.0,1,2,0
364,23,1682.0,504.25,26.0,13.25,1,2,0
364,26,1199.0,500.5,16.0,7.5,1,2,0
364,24,1637.0,501.75,18.0,8.0,1,2,0
364,27,1323.0,502.25,14.0,6.0,1,2,0
364,22,1152.0,502.0,14.0,5.5,1,2,0
365,9,287.5,505.0,152.5,57.0,1,2,0
365,18,987.5,500.25,16.0,8.5,1,2,0
365,25,1331.0,497.5,34.0,15.0,1,2,0
365,23,1677.0,498.75,18.0,8.5,1,2,0
365,26,1190.0,497.25,20.0,8.5,1,2,0
365,24,1631.0,493.0,18.0,9.0,1,2,0
365,27,1316.0,497.75,12.0,7.5,1,2,0
365,22,1145.0,499.75,14.0,6.5,1,2,0
366,9,269.0,500.5,154.5,56.0,1,2,0
366,18,980.5,498.75,18.0,10.5,1,2,0
366,25,1324.0,496.0,36.0,19.0,1,2,0
366,23,1672.0,500.5,22.0,12.5,1,2,0
366,26,1185.0,499.0,18.0,8.5,1,2,0
366,24,1625.0,496.5,18.0,8.0,1,2,0
366,27,1310.0,500.0,10.0,7.5,1,2,0
366,22,1140.0,501.25,12.0,5.5,1,2,0
367,9,253.38,495.75,156.12,56.25,1,2,0
367,18,975.0,496.5,19.0,10.5,1,2,0
367,25,1320.0,496.25,38.0,17.75,1,2,0
367,23,1668.0,500.25,24.0,12.75,1,2,0
367,26,1180.0,497.25,20.0,9.0,1,2,0
367,24,1619.0,497.0,20.0,7.5,1,2,0
367,27,1305.0,498.25,12.0,7.5,1,2,0
367,22,1135.0,499.0,12.0,6.0,1,2,0
368,9,237.25,480.0,157.0,57.0,1,2,0
368,18,970.5,488.5,19.0,10.5,1,2,0
368,25,1318.0,493.75,32.0,17.0,1,2,0
368,23,1665.0,502.0,24.0,13.0,1,2,0
368,26,1174.0,492.75,18.0,8.5,1,2,0
368,24,1617.0,498.75,16.0,8.5,1,2,0
368,27,1302.0,494.75,12.0,8.0,1,2,0
368,22,1130.0,493.5,14.0,6.5,1,2,0
369,9,222.88,474.0,161.62,58.0,1,2,0
369,18,969.5,483.25,17.0,10.5,1,2,0
369,25,1316.0,483.5,36.0,21.0,1,2,0
369,23,1664.0,501.5,20.0,9.5,1,2,0
369,26,1173.0,488.0,18.0,7.5,1,2,0
369,24,1617.0,494.5,18.0,7.5,1,2,0
369,22,1127.0,487.25,12.0,7.0,1,2,0
369,11,1152.0,486.0,10.0,9.5,1,2,0
370,9,209.25,472.0,163.0,58.0,1,2,0
370,18,967.5,480.0,17.0,10.5,1,2,0
370,25,1316.0,485.5,36.0,18.5,1,2,0
370,23,1665.0,499.0,16.0,9.5,1,2,0
370,26,1172.0,486.0,18.0,8.5,1,2,0
370,24,1616.0,491.5,18.0,8.5,1,2,0
370,22,1127.0,485.25,12.0,7.0,1,2,0
370,11,1149.0,482.5,12.0,10.0,1,2,0
371,9,194.5,475.5,165.0,60.0,1,2,0
371,18,966.5,484.75,18.0,9.5,1,2,0
371,25,1314.0,487.5,38.0,19.5,1,2,0
371,23,1664.0,500.5,20.0,10.5,1,2,0
371,26,1171.0,488.25,18.0,7.5,1,2,0
371,24,1615.0,492.0,18.0,8.5,1,2,0
371,22,1124.0,487.75,16.0,6.5,1,2,0
371,11,1148.0,487.25,12.0,6.5,1,2,0
371,27,1278.0,486.75,8.0,6.5,1,2,0
372,9,182.0,490.25,165.0,58.25,1,2,0
372,18,966.5,498.0,17.0,9.0,1,2,0
372,25,1315.0,502.25,36.0,16.25,1,2,0
372,23,1666.0,510.75,16.0,9.25,1,2,0
372,26,1172.0,501.25,14.0,6.5,1,2,0
372,24,1617.0,503.25,12.0,8.0,1,2,0
372,27,1297.0,502.25,12.0,6.5,1,2,0
373,9,169.38,501.5,168.62,61.0,1,2,0
373,18,968.0,510.25,16.0,9.25,1,2,0
373,25,1317.0,512.5,36.0,18.0,1,2,0
373,23,1671.0,523.0,16.0,8.0,1,2,0
373,26,1172.0,513.0,18.0,8.0,1,2,0
373,27,1297.0,515.0,14.0,6.0,1,2,0
373,22,1129.0,513.5,10.0,6.0,1,2,0
373,11,1152.0,510.25,8.0,9.25,1,2,0
374,9,156.62,512.0,171.88,60.0,1,2,0
374,18,969.5,523.5,19.0,9.0,1,2,0
374,25,1319.0,529.0,36.0,16.0,1,2,0
374,26,1173.0,525.5,18.0,9.0,1,2,0
374,22,1129.0,527.0,12.0,6.0,1,2,0
374,24,1624.0,529.0,14.0,8.0,1,2,0
375,9,145.25,508.25,171.25,62.75,1,2,0
375,18,969.5,526.5,20.0,9.0,1,2,0
375,25,1320.0,534.5,38.0,16.0,1,2,0
375,26,1176.0,531.5,16.0,7.0,1,2,0
375,22,1131.0,531.5,12.0,5.0,1,2,0
375,24,1623.0,537.0,18.0,8.0,1,2,0
376,9,135.0,492.0,177.25,62.0,1,2,0
376,18,975.5,521.5,21.0,9.0,1,2,0
376,25,1327.0,534.0,36.0,18.0,1,2,0
376,26,1178.0,531.0,18.0,6.0,1,2,0
376,24,1625.0,542.5,18.0,8.0,1,2,0
376,11,1136.0,529.0,12.0,6.0,1,2,0
376,23,1681.0,551.0,20.0,9.0,1,2,0
376,27,1305.0,536.0,16.0,6.0,1,2,0
377,9,136.0,480.5,177.0,64.0,1,2,0
377,18,991.5,507.0,17.0,10.0,1,2,0
377,25,1341.0,519.0,38.0,18.0,1,2,0
377,26,1195.0,515.5,18.0,8.0,1,2,0
377,11,1172.0,514.0,12.0,7.0,1,2,0
377,27,1321.0,520.5,16.0,7.0,1,2,0
377,22,1151.0,514.5,10.0,7.0,1,2,0
378,9,142.25,473.75,181.25,65.75,1,2,0
378,18,1012.5,492.5,16.5,9.5,1,2,0
378,26,1217.0,497.75,18.0,8.5,1,2,0
378,11,1194.0,497.0,14.0,7.0,1,2,0
378,22,1173.0,497.0,10.0,6.5,1,2,0
379,9,150.5,469.0,183.0,64.5,1,2,0
379,18,1034.0,485.5,18.0,9.5,1,2,0
379,26,1216.0,490.75,12.0,6.0,1,2,0
379,11,1192.0,491.0,16.0,6.0,1,2,0
379,22,1240.0,491.75,18.0,7.5,1,2,0
379,24,1689.0,501.75,18.0,7.5,1,2,0
379,23,1745.0,506.5,24.0,13.0,1,2,0
380,9,156.0,471.0,185.5,66.0,1,2,0
380,18,1056.0,487.75,16.0,10.5,1,2,0
380,26,1215.0,494.5,10.0,6.0,1,2,0
380,22,1259.0,494.25,20.0,8.0,1,2,0
380,24,1708.0,503.75,18.0,7.5,1,2,0
380,23,1770.0,509.25,22.0,12.25,1,2,0
380,25,1409.0,493.5,36.0,21.0,1,2,0
381,9,158.75,498.5,187.75,66.0,1,2,0
381,18,1073.0,510.25,16.0,6.75,1,2,0
381,22,1278.0,509.25,16.0,7.25,1,2,0
381,24,1728.0,510.5,18.0,8.0,1,2,0
381,23,1790.0,518.5,16.0,9.0,1,2,0
381,25,1427.0,509.25,38.0,17.75,1,2,0
381,27,1407.0,511.0,14.0,6.0,1,2,0
382,9,153.75,514.0,190.25,68.0,1,2,0
382,18,1083.0,518.0,20.0,9.0,1,2,0
382,22,1289.0,517.0,18.0,8.0,1,2,0
382,24,1745.0,514.0,14.0,8.0,1,2,0
382,23,1801.0,518.0,24.0,12.0,1,2,0
382,25,1440.0,512.5,34.0,21.0,1,2,0
382,27,1423.0,516.5,10.0,8.0,1,2,0
382,11,1247.0,518.5,10.0,7.0,1,2,0
382,26,1272.0,514.0,8.0,10.0,1,2,0
383,9,146.75,526.5,194.0,65.0,1,2,0
383,18,1096.0,523.0,18.0,9.0,1,2,0
383,22,1302.0,523.0,18.0,7.0,1,2,0
383,25,1451.0,518.5,30.0,18.0,1,2,0
383,27,1431.0,520.5,12.0,7.0,1,2,0
383,11,1256.0,521.5,10.0,7.0,1,2,0
383,26,1284.0,520.5,8.0,8.0,1,2,0
384,9,139.88,523.5,198.62,65.0,1,2,0
384,18,1109.0,522.0,20.0,9.0,1,2,0
384,22,1315.0,521.5,20.0,8.0,1,2,0
384,25,1465.0,520.5,38.0,17.0,1,2,0
384,27,1444.0,523.0,16.0,5.0,1,2,0
384,11,1269.0,523.0,14.0,6.0,1,2,0
384,26,1293.0,522.0,12.0,6.0,1,2,0
384,24,1770.0,517.5,18.0,8.0,1,2,0
384,23,1829.0,524.0,18.0,10.0,1,2,0
385,9,139.25,513.0,200.0,66.0,1,2,0
385,18,1127.0,518.0,20.0,9.0,1,2,0
385,22,1331.0,519.5,20.0,7.0,1,2,0
385,25,1484.0,520.5,30.0,16.0,1,2,0
385,27,1463.0,519.5,14.0,7.0,1,2,0
385,11,1287.0,519.0,14.0,7.0,1,2,0
385,26,1311.0,519.5,12.0,6.0,1,2,0
385,24,1786.0,519.5,20.0,8.0,1,2,0
385,23,1850.0,524.0,22.0,13.0,1,2,0
386,9,141.0,498.0,202.25,66.0,1,2,0
386,18,1144.0,510.25,22.0,8.25,1,2,0
386,22,1352.0,513.0,18.0,8.0,1,2,0
386,25,1502.0,515.0,32.0,17.0,1,2,0
386,27,1480.0,515.5,14.0,7.0,1,2,0
386,11,1306.0,514.0,12.0,6.0,1,2,0
386,24,1808.0,519.5,16.0,7.0,1,2,0
386,23,1871.0,527.0,22.0,10.0,1,2,0
387,9,139.0,473.75,206.5,69.25,1,2,0
387,18,1161.0,503.25,20.0,8.5,1,2,0
387,22,1368.0,511.0,18.0,7.0,1,2,0
387,25,1518.0,516.0,28.0,16.0,1,2,0
387,27,1496.0,515.5,14.0,6.0,1,2,0
387,11,1321.0,510.75,12.0,5.25,1,2,0
387,23,1887.0,535.0,16.0,8.0,1,2,0
388,9,135.62,451.25,206.88,70.75,1,2,0
388,18,1173.0,502.75,18.0,9.75,1,2,0
388,22,1378.0,518.0,18.0,6.0,1,2,0
388,25,1530.0,524.5,32.0,17.0,1,2,0
388,11,1336.0,515.5,10.0,4.0,1,2,0
389,9,131.5,457.5,211.25,71.5,1,2,0
389,18,1186.0,503.0,20.0,10.0,1,2,0
389,22,1391.0,514.5,18.0,7.0,1,2,0
389,25,1546.0,523.5,30.0,14.0,1,2,0
389,11,1348.0,512.5,12.0,6.0,1,2,0
389,27,1527.0,519.5,10.0,8.0,1,2,0
390,9,125.5,454.5,214.5,94.5,1,2,0
390,18,1198.0,508.0,18.0,10.0,1,2,0
390,22,1404.0,517.0,18.0,7.0,1,2,0
390,11,1359.0,515.0,12.0,6.0,1,2,0
391,9,114.31,485.5,217.19,75.0,1,2,0
391,18,1205.0,516.0,20.0,10.0,1,2,0
391,22,1410.0,521.5,16.0,8.0,1,2,0
391,26,1367.0,521.5,12.0,7.0,1,2,0
391,25,1569.0,526.5,26.0,15.0,1,2,0
391,27,1545.0,527.5,12.0,8.0,1,2,0
391,24,1875.0,532.5,18.0,8.0,1,2,0
392,9,100.69,491.5,221.06,75.0,1,2,0
392,18,1209.0,521.0,22.0,9.0,1,2,0
392,22,1418.0,527.0,18.0,8.0,1,2,0
392,26,1373.0,526.0,12.0,6.0,1,2,0
392,25,1575.0,528.5,30.0,18.0,1,2,0
392,24,1878.0,537.0,18.0,7.0,1,2,0
392,11,1398.0,524.0,10.0,9.0,1,2,0
393,9,84.38,499.5,226.12,77.0,1,2,0
393,18,1215.0,522.0,20.0,10.0,1,2,0
393,22,1421.0,528.5,18.0,7.0,1,2,0
393,26,1378.0,527.5,14.0,5.0,1,2,0
393,25,1586.0,531.5,22.0,15.0,1,2,0
393,24,1885.0,535.5,18.0,7.0,1,2,0
393,11,1401.0,528.0,12.0,5.0,1,2,0
393,27,1579.0,532.0,8.0,12.0,1,2,0
394,9,68.62,513.0,227.38,75.0,1,2,0
394,18,1221.0,522.5,20.0,9.0,1,2,0
394,22,1428.0,523.0,18.0,9.0,1,2,0
394,26,1384.0,525.0,12.0,6.0,1,2,0
394,11,1408.0,523.0,10.0,8.0,1,2,0
395,9,48.62,514.5,233.88,76.0,1,2,0
395,18,1223.0,522.5,20.0,8.0,1,2,0
395,22,1430.0,522.5,16.0,8.0,1,2,0
395,26,1387.0,523.5,10.0,7.0,1,2,0
395,11,1413.0,521.5,8.0,9.0,1,2,0
396,9,27.94,516.0,237.06,76.0,1,2,0
396,18,1221.0,521.0,22.0,10.0,1,2,0
396,22,1430.0,522.5,18.0,9.0,1,2,0
396,26,1384.0,523.0,14.0,7.0,1,2,0
396,25,1590.0,525.5,34.0,15.0,1,2,0
396,24,1894.0,525.0,18.0,8.0,1,2,0
397,9,4.31,509.0,238.44,76.0,1,2,0
397,18,1220.0,526.5,22.0,11.0,1,2,0
397,22,1410.0,530.0,10.0,7.0,1,2,0
397,26,1386.0,527.5,10.0,8.0,1,2,0
397,11,1428.0,531.0,16.0,8.0,1,2,0
398,9,0.0,500.5,218.5,78.0,1,2,0
398,18,1214.0,535.0,22.0,9.0,1,2,0
398,22,1424.0,542.0,14.0,7.0,1,2,0
398,26,1407.0,538.0,8.0,9.0,1,2,0
399,9,45.19,488.75,156.06,73.75,1,2,0
399,18,1210.0,535.0,22.0,10.0,1,2,0
399,22,1375.0,542.5,14.0,6.0,1,2,0
399,26,1417.0,543.0,18.0,9.0,1,2,0
399,24,1886.0,558.5,18.0,8.0,1,2,0
400,9,1.94,465.25,174.81,79.75,1,2,0
400,18,1206.0,528.5,20.0,7.0,1,2,0
400,22,1372.0,536.5,12.0,7.0,1,2,0
400,26,1416.0,538.0,16.0,8.0,1,2,0
400,24,1883.0,559.5,18.0,8.0,1,2,0
400,11,1395.0,537.5,12.0,7.0,1,2,0
401,9,13.5,462.5,149.88,76.0,1,2,0
401,18,1215.0,508.0,20.0,9.0,1,2,0
401,22,1379.0,514.0,12.0,6.0,1,2,0
401,26,1423.0,515.0,16.0,8.0,1,2,0
402,18,1222.0,490.25,20.0,9.5,1,2,0
402,22,1389.0,497.25,10.0,7.5,1,2,0
402,26,1432.0,498.25,20.0,9.0,1,2,0
403,18,1233.0,497.5,20.0,11.0,1,2,0
403,22,1399.0,505.75,10.0,6.0,1,2,0
403,26,1442.0,507.0,18.0,7.0,1,2,0
403,11,1424.0,504.5,10.0,8.0,1,2,0
404,18,1242.0,531.0,20.0,9.0,1,2,0
404,22,1408.0,535.0,12.0,6.0,1,2,0
404,26,1452.0,535.5,18.0,7.0,1,2,0
404,9,1.19,502.75,132.56,88.25,1,2,0
405,18,1249.0,540.5,20.0,9.0,1,2,0
405,22,1416.0,542.0,10.0,6.0,1,2,0
405,26,1460.0,541.5,18.0,8.0,1,2,0
405,9,5.44,517.0,103.25,84.0,1,2,0
406,18,1253.0,545.5,20.0,9.0,1,2,0
406,22,1418.0,547.0,12.0,6.0,1,2,0
406,26,1462.0,546.0,16.0,8.0,1,2,0
406,9,0.0,530.0,96.5,86.0,1,2,0
406,11,1446.0,544.0,8.0,9.0,1,2,0
407,18,1257.0,553.0,20.0,9.0,1,2,0
407,22,1424.0,553.0,10.0,7.0,1,2,0
407,26,1466.0,552.5,14.0,8.0,1,2,0
407,9,0.5,544.0,76.88,83.0,1,2,0
407,11,1450.0,552.5,8.0,8.0,1,2,0
408,18,1256.0,536.5,22.0,10.0,1,2,0
408,22,1422.0,541.0,12.0,6.0,1,2,0
408,26,1466.0,540.5,18.0,8.0,1,2,0
408,9,0.0,513.5,50.75,91.0,1,2,0
409,18,1259.0,532.0,22.0,9.0,1,2,0
409,22,1427.0,536.0,10.0,7.0,1,2,0
409,26,1470.0,537.0,14.0,8.0,1,2,0
409,9,0.0,508.0,29.78,81.0,1,2,0
409,11,1455.0,535.5,8.0,9.0,1,2,0
410,18,1263.0,524.5,20.0,10.0,1,2,0
410,22,1429.0,531.5,10.0,6.0,1,2,0
410,26,1474.0,533.0,14.0,7.0,1,2,0
410,11,1456.0,531.0,8.0,8.0,1,2,0
411,18,1269.0,526.0,18.0,7.0,1,2,0
411,22,1436.0,533.0,10.0,7.0,1,2,0
411,26,1479.0,535.0,14.0,8.0,1,2,0
411,11,1462.0,532.5,8.0,9.0,1,2,0
412,18,1276.0,524.5,20.0,10.0,1,2,0
412,22,1445.0,533.0,10.0,7.0,1,2,0
412,26,1486.0,534.5,14.0,8.0,1,2,0
412,11,1471.0,531.5,8.0,9.0,1,2,0
413,18,1283.0,524.0,20.0,11.0,1,2,0
413,22,1454.0,532.5,8.0,7.0,1,2,0
413,26,1494.0,533.5,14.0,8.0,1,2,0
413,11,1478.0,532.5,8.0,8.0,1,2,0
414,18,1284.0,537.5,22.0,9.0,1,2,0
414,22,1455.0,543.5,10.0,5.0,1,2,0
414,26,1496.0,543.5,18.0,8.0,1,2,0
415,18,1284.0,543.0,22.0,10.0,1,2,0
415,22,1456.0,548.0,8.0,7.0,1,2,0
415,26,1496.0,550.5,18.0,7.0,1,2,0
415,11,1480.0,546.5,8.0,9.0,1,2,0
416,18,1285.0,526.5,20.0,10.0,1,2,0
416,22,1457.0,533.0,10.0,6.0,1,2,0
416,26,1498.0,532.5,14.0,8.0,1,2,0
417,18,1288.0,499.5,20.0,10.5,1,2,0
417,22,1458.0,504.0,12.0,6.5,1,2,0
417,26,1500.0,504.5,18.0,8.5,1,2,0
417,11,1483.0,503.0,10.0,8.0,1,2,0
418,18,1296.0,487.25,22.0,9.5,1,2,0
419,18,1300.0,479.75,20.0,11.0,1,2,0
419,22,1470.0,483.5,12.0,6.5,1,2,0
419,26,1512.0,483.0,16.0,9.0,1,2,0
419,11,1496.0,482.75,10.0,8.5,1,2,0
420,18,1304.0,479.25,20.0,10.5,1,2,0
420,22,1474.0,482.25,12.0,6.5,1,2,0
420,26,1518.0,482.5,14.0,8.0,1,2,0
420,11,1503.0,480.5,8.0,9.0,1,2,0
421,18,1305.0,502.75,20.0,10.25,1,2,0
421,22,1475.0,506.25,12.0,6.75,1,2,0
421,11,1504.0,504.75,6.0,9.25,1,2,0
422,18,1305.0,515.5,18.0,9.0,1,2,0
422,22,1476.0,517.5,12.0,8.0,1,2,0
422,11,1516.0,518.5,20.0,7.0,1,2,0
423,18,1304.0,521.0,20.0,10.0,1,2,0
423,22,1470.0,525.5,16.0,8.0,1,2,0
423,11,1520.0,525.5,14.0,7.0,1,2,0
424,18,1307.0,521.5,22.0,11.0,1,2,0
424,22,1478.0,527.5,12.0,6.0,1,2,0
424,11,1519.0,528.0,20.0,8.0,1,2,0
424,26,1504.0,527.0,10.0,6.0,1,2,0
425,18,1310.0,522.0,22.0,10.0,1,2,0
425,22,1480.0,529.0,14.0,5.0,1,2,0
425,11,1523.0,529.0,20.0,8.0,1,2,0
425,26,1507.0,529.0,10.0,5.0,1,2,0
426,18,1315.0,519.0,22.0,11.0,1,2,0
426,11,1531.0,531.0,16.0,9.0,1,2,0
426,26,1513.0,530.0,10.0,8.0,1,2,0
427,18,1318.0,517.0,22.0,10.0,1,2,0
427,11,1531.0,526.0,18.0,8.0,1,2,0
427,26,1516.0,522.5,10.0,9.0,1,2,0
427,22,1492.0,525.0,10.0,6.0,1,2,0
428,18,1319.0,521.0,22.0,11.0,1,2,0
428,11,1535.0,529.5,12.0,8.0,1,2,0
428,26,1520.0,525.0,8.0,10.0,1,2,0
428,22,1496.0,526.0,8.0,8.0,1,2,0
429,18,1318.0,533.0,20.0,9.0,1,2,0
429,11,1533.0,540.5,16.0,7.0,1,2,0
429,26,1519.0,537.5,8.0,9.0,1,2,0
429,22,1493.0,537.5,10.0,7.0,1,2,0
430,18,1319.0,530.0,22.0,10.0,1,2,0
430,11,1534.0,537.0,14.0,7.0,1,2,0
430,26,1520.0,535.0,8.0,9.0,1,2,0
430,22,1493.0,535.0,10.0,7.0,1,2,0
431,18,1322.0,520.0,22.0,11.0,1,2,0
431,11,1538.0,526.5,16.0,8.0,1,2,0
431,26,1525.0,524.5,8.0,10.0,1,2,0
431,22,1496.0,525.5,12.0,7.0,1,2,0
432,18,1331.0,507.5,24.0,10.0,1,2,0
432,11,1548.0,511.0,14.0,8.0,1,2,0
432,26,1532.0,509.75,10.0,7.75,1,2,0
432,22,1506.0,511.25,10.0,6.75,1,2,0
433,18,1340.0,490.5,22.0,11.0,1,2,0
433,11,1555.0,493.75,18.0,8.5,1,2,0
433,22,1518.0,493.5,10.0,7.0,1,2,0
434,18,1347.0,484.5,22.0,9.5,1,2,0
434,11,1562.0,486.5,18.0,8.5,1,2,0
434,22,1520.0,487.25,14.0,6.5,1,2,0
435,18,1353.0,481.5,24.0,10.0,1,2,0
435,11,1568.0,483.5,18.0,7.5,1,2,0
435,22,1528.0,482.5,12.0,7.0,1,2,0
435,26,1554.0,481.0,10.0,9.0,1,2,0
436,18,1352.0,506.5,22.0,11.0,1,2,0
436,11,1569.0,512.0,14.0,8.0,1,2,0
437,18,1350.0,522.0,24.0,10.0,1,2,0
437,11,1569.0,526.0,18.0,8.0,1,2,0
438,18,1348.0,534.0,22.0,10.0,1,2,0
438,11,1565.0,536.0,14.0,8.0,1,2,0
439,18,1348.0,537.5,22.0,12.0,1,2,0
439,11,1565.0,543.0,18.0,8.0,1,2,0
439,22,1524.0,542.5,10.0,6.0,1,2,0
439,26,1551.0,541.5,8.0,8.0,1,2,0
440,18,1348.0,538.5,22.0,12.0,1,2,0
440,11,1564.0,544.0,20.0,8.0,1,2,0
440,22,1522.0,543.5,14.0,6.0,1,2,0
440,26,1550.0,543.0,12.0,7.0,1,2,0
441,18,1343.0,524.5,22.0,10.0,1,2,0
441,22,1520.0,533.0,12.0,5.0,1,2,0
441,26,1559.0,534.0,18.0,8.0,1,2,0
442,18,1340.0,521.0,22.0,10.0,1,2,0
442,22,1519.0,531.0,10.0,6.0,1,2,0
442,26,1560.0,532.5,14.0,8.0,1,2,0
443,18,1339.0,515.0,22.0,14.0,1,2,0
443,22,1518.0,523.0,10.0,8.0,1,2,0
443,26,1558.0,526.0,14.0,8.0,1,2,0
444,18,1331.0,531.5,22.0,10.0,1,2,0
444,22,1509.0,536.5,12.0,7.0,1,2,0
444,26,1548.0,538.0,20.0,9.0,1,2,0
445,18,1325.0,483.0,22.0,12.5,1,2,0
445,22,1505.0,491.0,10.0,6.5,1,2,0
445,26,1544.0,492.0,20.0,8.5,1,2,0
446,18,1320.0,481.5,22.0,13.5,1,2,0
446,22,1502.0,488.75,8.0,6.5,1,2,0
446,26,1539.0,489.5,20.0,8.0,1,2,0
447,18,1312.0,484.75,26.0,10.0,1,2,0
447,22,1497.0,486.75,8.0,8.5,1,2,0
447,26,1537.0,488.75,14.0,8.0,1,2,0
448,18,1309.0,479.5,22.0,12.5,1,2,0
448,22,1488.0,481.75,12.0,6.5,1,2,0
448,26,1532.0,481.25,12.0,7.5,1,2,0
449,18,1296.0,491.5,24.0,11.0,1,2,0
449,22,1476.0,494.75,12.0,7.5,1,2,0
449,26,1504.0,494.5,8.0,8.5,1,2,0
449,11,1515.0,496.0,16.0,8.0,1,2,0
450,18,1293.0,491.25,22.0,12.5,1,2,0
450,22,1472.0,496.5,14.0,6.0,1,2,0
450,26,1500.0,495.5,12.0,7.5,1,2,0
450,11,1511.0,496.0,18.0,8.5,1,2,0
451,18,1288.0,496.5,22.0,11.5,1,2,0
451,22,1468.0,501.5,14.0,6.0,1,2,0
451,11,1502.0,501.0,26.0,9.0,1,2,0
451,29,1661.0,502.75,12.0,7.5,1,2,0
452,18,1280.0,498.0,24.0,9.5,1,2,0
452,22,1461.0,501.0,18.0,7.0,1,2,0
452,11,1500.0,501.25,24.0,8.5,1,2,0
452,29,1654.0,503.25,14.0,6.5,1,2,0
452,26,1487.0,501.0,14.0,6.0,1,2,0
453,18,1272.0,503.0,24.0,10.5,1,2,0
453,22,1455.0,509.0,14.0,5.0,1,2,0
453,11,1481.0,506.75,30.0,9.25,1,2,0
453,29,1649.0,510.25,10.0,7.25,1,2,0
454,18,1264.0,511.5,22.0,11.0,1,2,0
454,22,1443.0,519.0,14.0,6.0,1,2,0
454,11,1481.0,520.0,20.0,8.0,1,2,0
454,31,1777.0,494.25,44.0,56.25,1,2,0
455,18,1256.0,490.25,22.0,12.5,1,2,0
455,22,1438.0,502.25,16.0,6.0,1,2,0
455,31,1772.0,482.5,44.0,58.0,1,2,0
455,26,1464.0,501.75,30.0,8.5,1,2,0
455,29,1629.0,510.0,14.0,7.0,1,2,0
456,18,1261.0,484.75,22.0,10.5,1,2,0
456,22,1443.0,493.75,12.0,6.0,1,2,0
456,26,1481.0,494.5,18.0,8.0,1,2,0
457,18,1267.0,475.0,24.0,11.0,1,2,0
457,22,1450.0,483.75,14.0,6.0,1,2,0
457,26,1487.0,483.5,22.0,8.5,1,2,0
457,31,1793.0,467.25,42.0,50.75,1,2,0
457,11,1476.0,483.25,14.0,6.5,1,2,0
457,29,1643.0,487.25,16.0,8.5,1,2,0
458,18,1274.0,469.25,24.0,12.0,1,2,0
458,22,1457.0,478.5,14.0,6.5,1,2,0
458,26,1494.0,477.5,22.0,9.5,1,2,0
458,31,1805.0,457.0,42.0,59.0,1,2,0
458,11,1481.0,478.5,14.0,7.5,1,2,0
458,29,1652.0,482.25,12.0,9.0,1,2,0
459,18,1284.0,469.5,24.0,10.5,1,2,0
459,22,1466.0,478.5,14.0,5.5,1,2,0
459,26,1495.0,478.5,30.0,8.5,1,2,0
459,31,1820.0,457.75,40.0,59.75,1,2,0
459,29,1663.0,483.75,12.0,6.5,1,2,0
460,18,1300.0,483.25,24.0,11.5,1,2,0
460,26,1513.0,490.25,26.0,7.5,1,2,0
460,31,1840.0,463.0,40.0,60.5,1,2,0
460,29,1674.0,492.25,18.0,8.0,1,2,0
460,11,1480.0,489.25,16.0,6.5,1,2,0
461,18,1318.0,484.25,24.0,11.0,1,2,0
461,26,1533.0,489.25,26.0,8.5,1,2,0
461,29,1695.0,492.25,14.0,7.0,1,2,0
461,11,1500.0,490.0,16.0,6.0,1,2,0
462,18,1338.0,472.5,22.0,12.0,1,2,0
462,11,1523.0,477.25,12.0,6.5,1,2,0
462,31,1888.0,456.0,32.0,46.5,1,2,0
463,18,1353.0,474.25,22.0,13.5,1,2,0
463,11,1537.0,479.0,12.0,7.0,1,2,0
463,26,1574.0,478.75,18.0,8.5,1,2,0
464,18,1367.0,494.75,24.0,11.5,1,2,0
464,11,1552.0,495.75,12.0,7.5,1,2,0
464,26,1590.0,496.5,18.0,8.5,1,2,0
465,18,1379.0,512.0,24.0,13.0,1,2,0
465,11,1563.0,516.0,12.0,8.0,1,2,0
465,26,1604.0,516.5,16.0,9.0,1,2,0
466,18,1393.0,521.5,24.0,12.0,1,2,0
466,11,1578.0,527.0,14.0,6.0,1,2,0
466,26,1615.0,526.0,18.0,9.0,1,2,0
467,18,1411.0,521.0,26.0,12.0,1,2,0
467,11,1597.0,527.5,16.0,7.0,1,2,0
467,26,1623.0,527.0,30.0,9.0,1,2,0
468,18,1433.0,511.5,26.0,11.0,1,2,0
468,11,1611.0,520.5,24.0,7.0,1,2,0
468,26,1645.0,518.5,32.0,10.0,1,2,0
469,18,1458.0,502.5,22.0,10.5,1,2,0
469,11,1644.0,512.0,14.0,7.0,1,2,0
469,26,1682.0,513.0,20.0,9.0,1,2,0
470,18,1483.0,501.75,24.0,10.75,1,2,0
470,11,1670.0,511.75,12.0,6.75,1,2,0
470,26,1708.0,513.5,20.0,8.0,1,2,0
471,18,1502.0,504.0,28.0,11.5,1,2,0
471,11,1687.0,514.5,18.0,7.0,1,2,0
471,26,1728.0,515.5,20.0,9.0,1,2,0
471,29,1716.0,515.0,12.0,7.0,1,2,0
472,18,1528.0,507.75,24.0,11.75,1,2,0
472,26,1749.0,519.5,20.0,8.0,1,2,0
472,29,1717.0,519.0,10.0,8.0,1,2,0
473,18,1551.0,504.0,32.0,11.0,1,2,0
473,26,1778.0,514.5,18.0,8.0,1,2,0
473,11,1744.0,514.0,14.0,9.0,1,2,0
474,18,1580.0,501.0,26.0,11.0,1,2,0
474,26,1804.0,511.0,24.0,9.0,1,2,0
474,11,1769.0,510.5,14.0,6.0,1,2,0
474,29,1792.0,511.0,12.0,6.0,1,2,0
475,18,1600.0,495.25,26.0,14.5,1,2,0
475,26,1823.0,504.0,24.0,8.5,1,2,0
475,11,1788.0,503.0,16.0,8.0,1,2,0
476,18,1610.0,517.5,26.0,10.0,1,2,0
476,26,1840.0,523.0,18.0,8.0,1,2,0
476,29,1801.0,522.0,14.0,8.0,1,2,0
477,18,1617.0,529.0,24.0,10.0,1,2,0
477,26,1847.0,533.5,14.0,8.0,1,2,0
477,29,1809.0,531.5,10.0,8.0,1,2,0
478,18,1624.0,522.0,26.0,12.0,1,2,0
478,26,1855.0,528.5,16.0,8.0,1,2,0
478,29,1817.0,527.0,10.0,8.0,1,2,0
479,18,1627.0,513.5,26.0,13.0,1,2,0
479,26,1854.0,523.5,22.0,9.0,1,2,0
479,29,1817.0,522.0,14.0,8.0,1,2,0
480,18,1632.0,510.5,24.0,13.0,1,2,0
480,26,1857.0,523.5,20.0,8.0,1,2,0
480,29,1825.0,522.0,10.0,6.0,1,2,0
481,18,1632.0,503.25,28.0,12.25,1,2,0
481,26,1858.0,517.5,20.0,9.0,1,2,0
481,29,1825.0,514.5,10.0,9.0,1,2,0
482,18,1626.0,521.5,24.0,11.0,1,2,0
482,26,1854.0,537.0,18.0,9.0,1,2,0
482,29,1822.0,534.0,8.0,8.0,1,2,0
483,18,1625.0,535.5,20.0,12.0,1,2,0
483,26,1854.0,548.5,14.0,9.0,1,2,0
483,29,1814.0,546.5,12.0,7.0,1,2,0
484,18,1615.0,550.0,24.0,10.0,1,2,0
484,26,1845.0,561.0,16.0,8.0,1,2,0
484,29,1808.0,558.0,12.0,8.0,1,2,0
485,18,1613.0,529.0,26.0,12.0,1,2,0
485,26,1843.0,540.0,18.0,9.0,1,2,0
485,29,1806.0,539.0,12.0,6.0,1,2,0
486,18,1611.0,513.0,26.0,12.0,1,2,0
486,26,1842.0,523.5,18.0,9.0,1,2,0
486,29,1806.0,521.0,10.0,8.0,1,2,0
487,18,1613.0,497.25,26.0,13.0,1,2,0
487,26,1848.0,510.25,14.0,8.25,1,2,0
487,29,1807.0,508.75,10.0,7.75,1,2,0
488,18,1615.0,489.75,28.0,12.5,1,2,0
488,26,1838.0,497.25,30.0,11.0,1,2,0
488,29,1810.0,497.0,14.0,7.5,1,2,0
489,18,1617.0,483.5,26.0,12.5,1,2,0
489,26,1848.0,490.25,20.0,9.0,1,2,0
489,29,1815.0,488.75,8.0,8.0,1,2,0
490,18,1611.0,500.25,26.0,10.0,1,2,0
490,26,1842.0,503.75,16.0,10.25,1,2,0
491,18,1607.0,502.75,28.0,11.25,1,2,0
491,26,1837.0,507.0,22.0,10.0,1,2,0
491,29,1803.0,505.75,12.0,9.25,1,2,0
492,18,1601.0,505.5,30.0,11.5,1,2,0
492,26,1832.0,512.0,24.0,10.0,1,2,0
492,29,1800.0,511.0,10.0,8.0,1,2,0
493,26,1839.0,502.0,18.0,9.5,1,2,0
494,26,1840.0,498.0,26.0,10.5,1,2,0
494,18,1611.0,489.25,28.0,11.0,1,2,0
494,29,1807.0,498.5,14.0,7.0,1,2,0
495,26,1843.0,502.0,22.0,9.5,1,2,0
495,18,1614.0,491.25,28.0,12.5,1,2,0
495,29,1812.0,500.5,12.0,8.0,1,2,0
496,26,1842.0,520.0,22.0,8.0,1,2,0
496,18,1612.0,508.5,26.0,11.0,1,2,0
496,29,1811.0,518.5,12.0,7.0,1,2,0
497,26,1842.0,531.5,24.0,11.0,1,2,0
497,18,1610.0,518.0,26.0,14.0,1,2,0
497,29,1811.0,528.5,10.0,9.0,1,2,0
498,26,1851.0,530.5,20.0,8.0,1,2,0
498,18,1616.0,519.5,28.0,11.0,1,2,0
498,29,1818.0,528.5,10.0,7.0,1,2,0
499,26,1858.0,528.0,24.0,10.0,1,2,0
499,18,1626.0,515.5,28.0,12.0,1,2,0
499,29,1827.0,526.5,10.0,7.0,1,2,0
500,26,1869.0,509.0,22.0,9.0,1,2,0
500,18,1640.0,499.25,26.0,11.0,1,2,0
500,29,1838.0,507.25,12.0,8.25,1,2,0
501,26,1879.0,497.25,26.0,11.0,1,2,0
501,18,1646.0,490.25,30.0,11.5,1,2,0
502,26,1887.0,503.25,24.0,10.25,1,2,0
502,18,1653.0,494.75,26.0,13.5,1,2,0
502,29,1853.0,504.25,28.0,7.0,1,2,0
503,26,1891.0,504.0,28.0,10.5,1,2,0
503,18,1656.0,499.0,30.0,11.5,1,2,0
503,29,1858.0,504.0,26.0,8.5,1,2,0
504,18,1665.0,498.5,28.0,12.0,1,2,0
504,29,1869.0,504.5,10.0,7.5,1,2,0
505,18,1674.0,486.0,28.0,11.5,1,2,0
505,29,1879.0,490.25,10.0,8.0,1,2,0
505,26,1896.0,490.25,12.0,7.5,1,2,0
506,18,1681.0,477.0,28.0,11.5,1,2,0
506,29,1885.0,483.5,10.0,6.5,1,2,0
506,26,1901.0,485.0,16.0,5.5,1,2,0
507,18,1683.0,491.25,26.0,13.0,1,2,0
507,29,1890.0,499.5,8.0,8.5,1,2,0
508,18,1694.0,502.0,16.0,11.0,1,2,0
509,18,1680.0,515.5,28.0,12.0,1,2,0
510,18,1677.0,532.0,28.0,12.0,1,2,0
511,18,1675.0,520.5,28.0,9.0,1,2,0
511,29,1883.0,528.5,10.0,8.0,1,2,0
512,18,1681.0,477.0,32.0,9.5,1,2,0
513,18,1685.0,455.5,28.0,10.5,1,2,0
513,26,1892.0,467.0,12.0,7.0,1,2,0
514,18,1684.0,448.5,28.0,14.0,1,2,0
514,26,1891.0,461.75,14.0,8.0,1,2,0
515,18,1683.0,460.0,28.0,10.5,1,2,0
516,18,1681.0,487.75,26.0,10.5,1,2,0
517,18,1680.0,491.25,28.0,14.5,1,2,0
518,18,1682.0,491.0,32.0,11.0,1,2,0
518,26,1895.0,495.5,18.0,7.0,1,2,0
519,18,1688.0,478.25,32.0,14.0,1,2,0
519,26,1901.0,485.5,14.0,7.0,1,2,0
520,18,1690.0,467.75,30.0,11.5,1,2,0
520,26,1903.0,477.5,10.0,7.5,1,2,0
521,18,1688.0,464.5,30.0,12.0,1,2,0
521,26,1899.0,471.25,16.0,7.5,1,2,0
522,18,1689.0,481.75,28.0,12.5,1,2,0
523,18,1688.0,492.25,32.0,12.5,1,2,0
524,18,1693.0,488.25,32.0,11.5,1,2,0
526,18,1696.0,461.25,32.0,12.5,1,2,0
527,18,1691.0,463.75,30.0,13.0,1,2,0
528,18,1682.0,502.0,30.0,12.0,1,2,0
529,18,1681.0,521.0,30.0,12.0,1,2,0
530,18,1681.0,519.0,30.0,12.0,1,2,0
531,18,1683.0,505.5,30.0,12.0,1,2,0
532,18,1685.0,490.0,32.0,12.5,1,2,0
533,18,1680.0,486.75,36.0,15.0,1,2,0
533,26,1902.0,494.75,12.0,7.5,1,2,0
534,18,1674.0,500.75,34.0,12.25,1,2,0
535,18,1672.0,505.0,32.0,12.0,1,2,0
535,26,1893.0,514.5,24.0,8.0,1,2,0
536,18,1675.0,495.5,34.0,12.0,1,2,0
536,26,1898.0,502.5,22.0,10.0,1,2,0
537,18,1682.0,487.75,30.0,11.5,1,2,0
537,26,1903.0,499.5,16.0,6.0,1,2,0
538,18,1682.0,471.25,32.0,11.5,1,2,0
539,18,1679.0,469.25,34.0,11.5,1,2,0
540,18,1669.0,484.5,36.0,10.5,1,2,0
540,26,1897.0,481.0,14.0,9.5,1,2,0
541,18,1658.0,503.25,32.0,11.25,1,2,0
542,18,1655.0,498.25,34.0,11.0,1,2,0
542,26,1883.0,503.0,16.0,8.5,1,2,0
543,18,1656.0,487.0,36.0,15.5,1,2,0
543,26,1883.0,499.75,16.0,8.5,1,2,0
544,18,1666.0,476.75,36.0,13.0,1,2,0
544,26,1894.0,486.0,18.0,10.0,1,2,0
545,18,1675.0,469.0,34.0,14.0,1,2,0
545,26,1900.0,478.25,14.0,7.5,1,2,0
546,18,1677.0,470.25,36.0,17.0,1,2,0
546,26,1908.0,473.5,12.0,14.0,1,2,0
547,18,1682.0,476.5,34.0,13.5,1,2,0
548,18,1687.0,480.0,34.0,12.0,1,2,0
549,18,1689.0,491.75,34.0,13.5,1,2,0
550,18,1689.0,507.25,34.0,12.75,1,2,0
551,18,1689.0,518.5,32.0,12.0,1,2,0
552,18,1685.0,500.5,36.0,14.0,1,2,0
553,18,1691.0,486.25,36.0,13.0,1,2,0
554,18,1701.0,470.25,34.0,12.0,1,2,0
555,18,1707.0,469.25,36.0,11.5,1,2,0
556,18,1711.0,500.25,30.0,11.5,1,2,0
557,18,1712.0,511.0,34.0,13.0,1,2,0
558,18,1716.0,512.5,38.0,14.0,1,2,0
559,18,1724.0,489.75,36.0,13.5,1,2,0
560,18,1734.0,462.75,36.0,12.0,1,2,0
561,18,1744.0,433.25,36.0,14.5,1,2,0
562,18,1747.0,469.75,36.0,13.5,1,2,0
563,18,1750.0,530.0,38.0,17.0,1,2,0
564,18,1757.0,531.0,34.0,13.0,1,2,0
565,18,1761.0,547.0,36.0,12.0,1,2,0
566,18,1768.0,523.5,40.0,13.0,1,2,0
567,18,1784.0,497.0,32.0,11.0,1,2,0
568,18,1799.0,454.75,38.0,17.0,1,2,0
569,18,1805.0,425.0,38.0,13.0,1,2,0
570,18,1803.0,502.5,38.0,12.0,1,2,0
573,18,1808.0,518.5,28.0,13.0,1,2,0
574,18,1814.0,486.75,38.0,16.5,1,2,0
575,18,1826.0,469.75,38.0,15.5,1,2,0
576,18,1835.0,459.0,40.0,14.0,1,2,0
577,18,1841.0,480.0,18.0,10.5,1,2,0
578,26,1845.0,482.25,38.0,19.5,1,2,0
579,26,1850.0,499.0,38.0,19.5,1,2,0
580,26,1856.0,503.0,42.0,17.0,1,2,0
581,26,1865.0,498.75,46.0,19.25,1,2,0
582,26,1878.0,476.0,42.0,23.0,1,2,0
583,26,1890.0,476.25,30.0,14.0,1,2,0
584,26,1904.0,490.5,16.0,8.5,1,2,0
705,37,1611.0,420.25,130.0,29.5,1,6,0
714,37,1664.0,444.25,118.0,22.5,1,6,0
722,37,1679.0,442.25,128.0,35.0,1,6,0
724,37,1672.0,461.0,124.0,26.0,1,6,0
728,37,1647.0,467.0,128.0,27.5,1,6,0
739,37,1552.0,482.75,126.0,31.25,1,6,0
740,37,1547.0,489.5,124.0,28.5,1,6,0
741,37,1540.0,477.75,124.0,29.5,1,6,0
742,37,1536.0,473.0,124.0,26.0,1,6,0
743,37,1527.0,478.25,130.0,26.0,1,6,0
744,37,1521.0,471.0,128.0,28.5,1,6,0
749,37,1517.0,470.0,124.0,25.0,1,6,0
753,37,1542.0,489.75,122.0,24.25,1,6,0
