1,1,1207.0,503.75,32.0,58.25,1,3,0
1,2,7.09,534.0,90.03,20.0,1,6,0
1,3,730.5,526.5,29.0,10.0,1,6,0
1,4,1032.0,525.5,24.0,12.0,1,4,0
2,1,1197.0,504.0,32.0,58.0,1,3,0
2,2,0.19,509.75,79.81,18.75,1,6,0
2,3,719.0,512.0,25.0,16.0,1,6,0
2,4,1023.0,518.0,18.0,12.0,1,4,0
3,1,1187.0,495.0,34.0,57.0,1,3,0
3,2,1.38,502.0,69.62,19.0,1,6,0
3,3,704.5,503.25,31.0,11.75,1,6,0
3,4,1013.0,506.0,19.0,14.0,1,4,0
4,1,1175.0,495.5,32.0,59.0,1,3,0
4,2,0.0,487.75,56.25,22.0,1,6,0
4,3,695.5,502.0,25.0,10.5,1,6,0
4,4,999.5,507.5,18.0,13.0,1,4,0
5,1,1159.0,510.25,32.0,54.75,1,3,0
5,2,0.02,493.75,40.67,17.0,1,6,0
5,3,679.0,510.0,25.0,10.0,1,6,0
5,4,982.0,518.0,18.0,12.0,1,4,0
6,1,1139.0,523.0,34.0,57.0,1,3,0
6,2,0.05,494.5,23.29,17.0,1,6,0
6,3,663.0,518.0,25.0,11.0,1,6,0
6,4,964.5,528.0,19.0,14.0,1,4,0
7,1,1125.0,505.75,32.0,55.25,1,3,0
7,3,647.5,496.75,25.0,13.0,1,6,0
7,4,950.5,510.75,18.0,11.25,1,4,0
8,1,1111.0,497.5,34.0,55.0,1,3,0
8,3,632.0,485.25,30.0,11.5,1,6,0
8,4,937.5,499.25,22.0,13.25,1,4,0
9,1,1110.0,490.25,32.0,55.75,1,3,0
9,3,629.0,488.0,27.0,16.0,1,6,0
9,4,932.0,495.5,20.0,14.0,1,4,0
10,1,1107.0,486.75,32.0,51.75,1,3,0
10,3,623.5,478.75,25.0,18.5,1,6,0
10,4,927.0,487.75,25.0,14.5,1,4,0
11,1,1110.0,479.0,32.0,53.0,1,3,0
11,3,623.0,479.5,25.0,12.5,1,6,0
11,4,928.5,483.5,22.0,13.0,1,4,0
12,1,1111.0,478.5,34.0,54.0,1,3,0
12,3,624.5,479.75,25.0,13.5,1,6,0
12,4,929.0,484.0,22.0,13.5,1,4,0
13,1,1111.0,480.5,34.0,55.5,1,3,0
13,3,630.5,488.0,24.0,15.0,1,6,0
13,4,931.0,487.25,22.0,16.5,1,4,0
14,1,1118.0,490.25,32.0,59.75,1,3,0
14,3,625.5,503.0,30.0,9.5,1,6,0
14,4,936.0,503.0,22.0,12.5,1,4,0
15,1,1120.0,492.25,38.0,56.75,1,3,0
15,3,637.5,510.0,27.0,10.0,1,6,0
15,4,942.0,503.75,19.0,15.25,1,4,0
16,1,1129.0,490.5,36.0,59.0,1,3,0
16,3,644.5,510.75,26.0,10.75,1,6,0
16,4,951.0,504.25,20.0,14.75,1,4,0
17,1,1136.0,495.5,36.0,62.0,1,3,0
17,3,658.0,511.5,23.0,17.0,1,6,0
17,4,959.5,512.0,25.0,13.0,1,4,0
18,1,1144.0,505.0,38.0,62.0,1,3,0
18,3,671.5,521.0,17.0,15.0,1,6,0
18,4,966.5,520.0,24.0,16.0,1,4,0
19,1,1151.0,518.5,34.0,63.0,1,3,0
19,3,664.0,529.0,25.0,13.0,1,6,0
19,4,971.5,534.0,21.0,12.0,1,4,0
20,1,1152.0,511.5,38.0,66.0,1,3,0
20,3,666.5,518.5,27.0,12.0,1,6,0
20,4,974.5,524.0,18.0,15.0,1,4,0
21,1,1159.0,511.0,38.0,65.0,1,3,0
21,3,671.5,513.5,32.0,13.0,1,6,0
21,4,982.0,520.0,21.0,15.0,1,4,0
21,2,0.0,496.25,16.81,25.25,1,6,0
22,1,1168.0,503.0,40.0,65.0,1,3,0
22,3,684.5,502.5,29.0,10.0,1,6,0
22,4,991.5,512.0,24.0,14.0,1,4,0
22,2,0.0,481.5,24.5,21.5,1,6,0
23,1,1186.0,487.75,36.0,64.75,1,3,0
23,3,695.5,491.0,26.0,12.5,1,6,0
23,4,1006.0,501.25,19.0,12.25,1,4,0
23,2,0.08,479.5,39.61,18.0,1,6,0
24,1,1200.0,488.0,36.0,59.0,1,3,0
24,3,707.0,486.0,29.0,11.0,1,6,0
24,4,1019.5,495.75,21.5,13.5,1,4,0
24,2,0.94,474.0,48.12,21.0,1,6,0
25,1,1215.0,502.75,34.0,62.75,1,3,0
25,3,721.5,502.5,30.0,10.0,1,6,0
25,4,1031.0,511.5,22.0,13.0,1,4,0
25,2,0.0,487.75,64.25,22.0,1,6,0
26,1,1225.0,495.75,40.0,65.25,1,3,0
26,3,731.0,502.5,30.0,10.0,1,6,0
26,4,1042.0,506.5,22.0,14.0,1,4,0
26,2,0.0,488.75,72.25,21.0,1,6,0
27,1,1240.0,492.0,36.0,64.0,1,3,0
27,3,740.0,497.5,35.0,14.5,1,6,0
27,4,1055.0,503.25,24.0,13.75,1,4,0
27,2,0.62,495.5,80.12,20.0,1,6,0
28,1,1253.0,487.5,36.0,64.0,1,3,0
28,3,752.0,502.75,32.0,9.75,1,6,0
28,4,1069.0,502.25,20.0,12.25,1,4,0
28,2,0.72,509.0,94.03,19.0,1,6,0
29,1,1262.0,495.5,34.0,63.0,1,3,0
29,3,767.0,510.25,24.0,9.25,1,6,0
29,4,1073.0,509.0,24.0,13.0,1,4,0
29,2,6.69,517.0,89.25,18.0,1,6,0
30,1,1264.0,505.25,40.0,64.25,1,3,0
30,3,767.0,521.0,25.0,14.0,1,6,0
30,4,1078.0,519.5,22.0,15.0,1,4,0
30,2,8.72,527.5,97.41,19.0,1,6,0
31,1,1262.0,519.0,40.0,63.0,1,3,0
31,3,765.0,526.5,27.0,11.0,1,6,0
31,4,1076.0,529.5,20.0,14.0,1,4,0
31,2,6.59,517.0,89.41,19.0,1,6,0
32,1,1263.0,519.0,40.0,64.0,1,3,0
32,3,767.0,526.5,25.0,10.0,1,6,0
32,4,1076.0,531.0,20.0,13.0,1,4,0
32,2,2.41,511.0,93.97,23.0,1,6,0
33,1,1264.0,513.0,38.0,64.0,1,3,0
33,3,767.5,511.75,27.0,16.25,1,6,0
33,4,1072.0,521.0,24.0,14.0,1,4,0
33,2,1.09,498.5,93.91,20.5,1,6,0
34,1,1262.0,501.75,38.0,64.75,1,3,0
34,3,767.5,494.5,29.0,10.0,1,6,0
34,4,1073.0,505.75,24.0,14.25,1,4,0
34,2,0.16,469.5,93.72,22.5,1,6,0
35,1,1264.0,497.25,36.0,64.25,1,3,0
35,3,762.0,485.0,30.0,11.0,1,6,0
35,4,1072.0,499.0,20.0,14.0,1,4,0
35,2,0.84,452.75,87.03,19.5,1,6,0
36,1,1263.0,500.25,40.0,67.25,1,3,0
36,3,761.5,494.0,27.0,11.5,1,6,0
36,4,1067.0,504.0,26.0,16.0,1,4,0
36,2,0.12,467.0,88.75,21.0,1,6,0
37,1,1260.0,535.5,42.0,69.0,1,3,0
37,3,766.5,534.5,18.0,10.0,1,6,0
37,4,1066.0,546.0,22.0,13.0,1,4,0
37,2,0.09,504.75,79.41,22.25,1,6,0
38,1,1258.0,542.0,38.0,67.0,1,3,0
38,3,753.0,542.0,24.0,17.0,1,6,0
38,4,1062.0,551.5,18.0,13.0,1,4,0
38,2,0.0,526.0,71.56,19.0,1,6,0
39,1,1255.0,544.0,38.0,69.0,1,3,0
39,3,744.0,549.5,25.0,15.0,1,6,0
39,4,1055.0,559.0,18.0,12.0,1,4,0
39,2,0.53,534.5,70.59,19.0,1,6,0
40,1,1254.0,521.0,38.0,72.0,1,3,0
40,3,742.5,535.0,25.0,10.0,1,6,0
40,4,1054.0,536.5,20.0,15.0,1,4,0
40,2,2.28,529.5,62.09,21.0,1,6,0
41,1,1253.0,526.5,44.0,69.0,1,3,0
41,3,743.5,544.0,25.0,16.0,1,6,0
41,4,1054.0,543.5,18.0,12.0,1,4,0
41,2,0.94,548.0,63.25,20.0,1,6,0
42,1,1250.0,527.0,44.0,69.0,1,3,0
42,3,737.0,543.0,29.0,16.0,1,6,0
42,4,1052.0,545.0,20.0,13.0,1,4,0
42,2,0.25,550.0,55.69,17.0,1,6,0
43,1,1251.0,511.75,42.0,72.75,1,3,0
43,3,733.5,535.5,26.0,9.0,1,6,0
43,4,1047.0,531.5,24.0,14.0,1,4,0
43,2,2.23,543.5,53.33,18.0,1,6,0
44,1,1247.0,495.0,42.0,74.0,1,3,0
44,3,728.0,502.0,32.0,10.0,1,6,0
44,4,1047.0,508.75,18.0,12.25,1,4,0
44,2,0.0,493.25,48.06,18.0,1,6,0
45,1,1252.0,479.5,40.0,74.0,1,3,0
45,3,730.0,486.75,33.0,9.5,1,6,0
45,4,1048.0,490.75,24.0,14.5,1,4,0
45,2,0.0,472.0,48.47,21.5,1,6,0
46,1,1256.0,474.0,44.0,76.0,1,3,0
46,3,736.5,477.75,31.0,11.5,1,6,0
46,4,1053.0,486.5,20.0,12.5,1,4,0
46,2,0.05,462.75,54.64,17.5,1,6,0
47,1,1262.0,479.75,44.0,74.25,1,3,0
47,3,742.5,472.75,26.0,15.0,1,6,0
47,4,1055.0,486.75,24.0,13.5,1,4,0
47,2,0.0,454.25,56.69,18.0,1,6,0
48,1,1266.0,495.25,46.0,80.75,1,3,0
48,3,747.5,497.0,28.0,13.0,1,6,0
48,4,1062.0,509.0,22.0,13.0,1,4,0
48,2,0.0,476.75,64.88,19.0,1,6,0
49,1,1273.0,499.0,46.0,78.0,1,3,0
49,3,751.5,496.25,25.0,13.5,1,6,0
49,4,1070.0,508.75,18.0,13.25,1,4,0
49,2,0.81,477.75,63.12,18.0,1,6,0
50,1,1288.0,495.25,44.0,77.25,1,3,0
50,3,759.5,502.25,31.0,10.25,1,6,0
50,4,1078.0,508.5,20.0,13.0,1,4,0
50,2,0.38,495.0,74.81,18.5,1,6,0
51,1,1299.0,495.0,46.0,77.0,1,3,0
51,3,768.0,502.75,32.0,15.75,1,6,0
51,4,1087.0,509.5,18.0,12.0,1,4,0
51,2,0.09,501.25,79.78,19.25,1,6,0
52,1,1311.0,495.0,48.0,74.0,1,3,0
52,3,774.0,504.25,34.0,15.25,1,6,0
52,4,1095.0,509.5,18.0,12.0,1,4,0
52,2,0.5,507.5,87.75,20.0,1,6,0
53,1,1321.0,494.5,46.0,75.0,1,3,0
53,3,784.0,509.25,30.0,11.25,1,6,0
53,4,1101.0,508.75,20.0,12.75,1,4,0
53,2,0.47,510.75,96.28,24.25,1,6,0
54,1,1326.0,497.25,46.0,75.25,1,3,0
54,3,791.0,511.25,26.0,9.75,1,6,0
54,4,1110.0,511.0,22.0,13.0,1,4,0
54,2,1.12,510.5,95.25,19.0,1,6,0
55,1,1336.0,501.5,44.0,76.0,1,3,0
55,3,793.0,518.0,31.0,12.0,1,6,0
55,4,1115.0,516.5,22.0,13.0,1,4,0
55,2,6.53,517.5,97.84,20.0,1,6,0
56,1,1343.0,511.25,42.0,78.75,1,3,0
56,3,805.0,523.0,22.0,13.0,1,6,0
56,4,1120.0,526.0,16.0,13.0,1,4,0
56,2,8.25,510.5,95.94,19.0,1,6,0
57,1,1352.0,519.0,42.0,75.0,1,3,0
57,3,807.0,521.0,25.0,15.0,1,6,0
57,4,1126.0,529.0,18.0,13.0,1,4,0
57,2,14.72,504.5,97.41,21.0,1,6,0
58,1,1359.0,511.75,44.0,80.75,1,3,0
58,3,815.5,513.0,25.0,12.0,1,6,0
58,4,1135.0,523.0,18.0,13.0,1,4,0
58,2,22.53,494.25,97.34,18.75,1,6,0
59,1,1368.0,502.75,48.0,78.25,1,3,0
59,3,822.5,496.5,26.0,13.5,1,6,0
59,4,1141.0,510.0,20.0,13.0,1,4,0
59,2,27.47,472.5,100.66,22.5,1,6,0
60,1,1383.0,482.5,50.0,83.0,1,3,0
60,3,832.5,478.5,30.0,10.5,1,6,0
60,4,1154.0,493.0,16.0,11.5,1,4,0
60,2,36.69,454.25,96.06,19.0,1,6,0
61,1,1393.0,474.25,48.0,82.25,1,3,0
61,3,841.0,470.5,31.0,14.5,1,6,0
61,4,1161.0,485.75,20.0,11.5,1,4,0
61,2,40.62,453.0,103.88,19.0,1,6,0
62,1,1400.0,479.5,58.0,85.0,1,3,0
62,3,848.0,478.75,31.0,10.5,1,6,0
62,4,1167.0,487.5,22.0,15.0,1,4,0
62,2,47.34,455.0,97.03,21.0,1,6,0
63,1,1407.0,495.5,52.0,90.0,1,3,0
63,3,855.0,502.75,25.0,11.25,1,6,0
63,4,1175.0,512.0,18.0,15.0,1,4,0
63,2,48.62,485.25,102.12,19.5,1,6,0
64,1,1418.0,505.5,54.0,91.0,1,3,0
64,3,857.0,519.0,30.0,12.0,1,6,0
64,4,1177.0,527.0,22.0,12.0,1,4,0
64,2,55.0,508.75,96.88,18.75,1,6,0
65,1,1424.0,512.0,54.0,87.0,1,3,0
65,3,857.5,528.0,31.0,14.0,1,6,0
65,4,1182.0,533.5,18.0,12.0,1,4,0
65,2,55.19,520.0,97.06,22.0,1,6,0
66,1,1440.0,512.0,48.0,93.0,1,3,0
66,3,866.5,535.5,27.0,9.0,1,6,0
66,4,1191.0,536.0,18.0,14.0,1,4,0
66,2,62.38,529.0,97.5,23.0,1,6,0
67,1,1450.0,510.0,52.0,86.0,1,3,0
67,3,872.0,528.0,31.0,14.0,1,6,0
67,4,1197.0,530.5,20.0,13.0,1,4,0
67,2,65.75,526.0,99.0,18.0,1,6,0
68,1,1456.0,500.5,52.0,87.0,1,3,0
68,3,871.0,512.5,32.0,14.0,1,6,0
68,4,1198.0,519.5,18.0,12.0,1,4,0
68,2,70.88,503.5,95.88,20.0,1,6,0
69,1,1464.0,504.0,50.0,91.0,1,3,0
69,3,879.5,518.5,25.0,10.0,1,6,0
69,4,1201.0,522.5,22.0,14.0,1,4,0
69,2,70.81,504.75,97.19,20.75,1,6,0
70,1,1471.0,510.5,50.0,94.0,1,3,0
70,3,879.0,522.5,25.0,13.0,1,6,0
70,4,1205.0,528.0,20.0,13.0,1,4,0
70,2,70.69,509.25,96.31,18.75,1,6,0
71,1,1476.0,511.0,60.0,96.0,1,3,0
71,3,879.0,521.5,30.0,14.0,1,6,0
71,4,1207.0,528.5,24.0,14.0,1,4,0
71,2,70.38,507.75,97.25,20.25,1,6,0
72,1,1486.0,487.75,56.0,95.75,1,3,0
72,3,887.5,495.25,29.0,15.0,1,6,0
72,4,1215.0,504.5,18.0,12.5,1,4,0
72,2,72.5,485.75,102.75,18.5,1,6,0
73,1,1501.0,486.5,64.0,94.0,1,3,0
73,3,895.0,494.75,26.0,10.0,1,6,0
73,4,1224.0,501.0,18.0,12.5,1,4,0
73,2,79.38,484.75,101.0,19.5,1,6,0
73,5,0.01,482.75,22.55,18.0,1,6,0
74,1,1512.0,482.5,56.0,99.0,1,3,0
74,3,902.5,494.0,26.0,10.5,1,6,0
74,4,1231.0,498.5,18.0,13.0,1,4,0
74,2,87.25,484.75,96.75,19.0,1,6,0
74,5,0.0,482.75,31.81,19.5,1,6,0
75,1,1527.0,483.0,58.0,100.0,1,3,0
75,3,911.5,487.25,26.0,14.5,1,6,0
75,4,1238.0,496.25,18.0,14.0,1,4,0
75,2,95.0,471.25,97.5,21.5,1,6,0
75,5,0.0,473.5,39.0,19.5,1,6,0
76,1,1538.0,480.25,54.0,98.75,1,3,0
76,3,911.5,484.5,33.0,13.0,1,6,0
76,4,1246.0,494.75,18.0,11.5,1,4,0
76,2,97.31,469.0,101.69,19.0,1,6,0
76,5,0.25,467.5,43.44,17.0,1,6,0
77,1,1552.0,478.25,56.0,98.75,1,3,0
77,3,921.5,481.5,28.0,12.0,1,6,0
77,4,1252.0,489.0,20.0,14.0,1,4,0
77,2,102.75,469.0,97.0,18.5,1,6,0
77,5,0.02,467.5,48.73,18.5,1,6,0
78,1,1562.0,472.25,60.0,97.25,1,3,0
78,3,927.5,481.25,27.0,12.0,1,6,0
78,4,1254.0,487.25,22.0,13.5,1,4,0
78,2,103.5,469.25,102.5,19.0,1,6,0
78,5,0.0,470.0,55.94,16.5,1,6,0
79,1,1577.0,487.0,56.0,99.0,1,3,0
79,3,938.5,495.0,22.0,13.0,1,6,0
79,4,1264.0,503.75,22.0,12.75,1,4,0
79,2,110.75,485.0,100.0,19.0,1,6,0
79,5,0.0,483.25,62.5,19.5,1,6,0
80,1,1591.0,487.5,56.0,99.0,1,3,0
80,3,935.0,496.5,33.0,14.5,1,6,0
80,4,1270.0,504.5,20.0,13.5,1,4,0
80,2,113.88,485.5,100.75,19.5,1,6,0
80,5,0.12,484.5,64.12,19.0,1,6,0
81,1,1601.0,494.5,56.0,97.0,1,3,0
81,3,943.5,505.0,25.0,13.0,1,6,0
81,4,1277.0,512.5,20.0,13.0,1,4,0
81,2,117.88,487.25,98.75,23.0,1,6,0
81,5,0.44,487.5,71.81,20.0,1,6,0
82,1,1609.0,504.25,62.0,109.25,1,3,0
82,3,944.0,518.5,31.0,10.0,1,6,0
82,4,1280.0,525.5,18.0,12.0,1,4,0
82,2,119.5,496.75,100.0,21.25,1,6,0
82,5,0.53,495.25,77.34,20.25,1,6,0
83,3,947.0,529.0,29.0,11.0,1,6,0
83,4,1281.0,538.0,24.0,13.0,1,4,0
83,2,118.62,507.5,103.25,20.0,1,6,0
83,5,0.97,504.25,76.28,19.25,1,6,0
84,3,946.5,519.5,30.0,14.0,1,6,0
84,4,1281.0,533.0,22.0,12.0,1,4,0
84,2,118.25,501.75,102.5,18.75,1,6,0
84,5,0.72,497.25,78.66,20.25,1,6,0
84,1,1624.0,514.0,66.0,115.0,1,3,0
85,3,948.5,534.5,28.0,10.0,1,6,0
85,4,1287.0,542.5,18.0,11.0,1,4,0
85,2,118.88,509.75,102.75,18.25,1,6,0
85,5,2.75,504.25,77.19,21.25,1,6,0
85,1,1631.0,526.0,66.0,114.0,1,3,0
86,3,949.0,532.5,33.0,12.0,1,6,0
86,4,1288.0,543.0,18.0,11.0,1,4,0
86,2,121.56,510.25,97.69,18.25,1,6,0
86,5,4.16,505.0,76.59,21.0,1,6,0
86,1,1643.0,527.0,68.0,113.0,1,3,0
87,3,951.5,520.5,32.0,14.0,1,6,0
87,4,1288.0,531.0,24.0,13.0,1,4,0
87,2,118.88,501.75,103.75,18.25,1,6,0
87,5,7.84,496.75,79.28,20.25,1,6,0
87,1,1652.0,518.0,70.0,116.0,1,3,0
88,3,958.5,503.5,26.0,12.0,1,6,0
88,4,1294.0,513.5,22.0,14.0,1,4,0
88,2,120.0,485.5,104.25,19.0,1,6,0
88,5,8.06,481.25,80.56,19.5,1,6,0
88,1,1667.0,502.75,70.0,114.25,1,3,0
89,3,959.5,490.0,31.0,13.0,1,6,0
89,4,1301.0,499.25,20.0,14.25,1,4,0
89,2,126.5,472.0,98.5,21.0,1,6,0
89,5,15.56,471.0,76.38,18.0,1,6,0
89,1,1680.0,487.75,64.0,118.75,1,3,0
90,3,959.5,481.0,33.0,13.5,1,6,0
90,4,1303.0,492.75,18.0,12.0,1,4,0
90,2,126.88,469.25,103.25,19.5,1,6,0
90,5,15.56,467.0,79.0,20.0,1,6,0
90,1,1693.0,479.5,66.0,117.0,1,3,0
91,3,966.5,479.5,26.0,9.0,1,6,0
91,4,1304.0,486.0,24.0,12.5,1,4,0
91,2,126.38,464.0,101.75,23.5,1,6,0
91,5,15.91,463.25,80.47,21.5,1,6,0
91,1,1702.0,470.5,66.0,116.0,1,3,0
92,3,966.5,502.25,26.0,9.5,1,6,0
92,4,1305.0,504.75,24.0,14.75,1,4,0
92,2,126.75,492.0,99.75,19.5,1,6,0
92,5,17.03,489.5,79.72,21.0,1,6,0
93,3,963.0,503.25,29.0,16.25,1,6,0
93,4,1306.0,511.0,22.0,12.0,1,4,0
93,2,122.12,500.25,102.0,19.25,1,6,0
93,5,19.31,498.0,77.31,19.5,1,6,0
93,6,1719.0,486.5,74.0,127.0,1,1,0
94,3,961.0,518.0,30.0,10.0,1,6,0
94,4,1304.0,521.5,18.0,13.0,1,4,0
94,2,119.0,509.25,102.25,18.75,1,6,0
94,5,15.88,506.0,78.62,21.0,1,6,0
94,6,1728.0,494.25,80.0,128.75,1,1,0
95,3,954.5,526.5,30.0,10.0,1,6,0
95,4,1295.0,531.5,26.0,12.0,1,4,0
95,2,111.88,518.0,101.75,19.0,1,6,0
95,5,10.38,519.0,76.25,18.0,1,6,0
95,6,1728.0,501.25,74.0,130.25,1,1,0
96,3,947.5,535.5,29.0,9.0,1,6,0
96,4,1291.0,540.5,22.0,12.0,1,4,0
96,2,103.0,525.5,104.75,19.0,1,6,0
96,5,3.47,521.5,76.53,20.0,1,6,0
97,3,941.5,536.5,27.0,13.0,1,6,0
97,4,1285.0,543.5,20.0,12.0,1,4,0
97,2,94.75,524.5,98.0,19.0,1,6,0
97,5,0.12,520.5,72.5,20.0,1,6,0
97,6,1736.0,511.75,70.0,127.25,1,1,0
98,3,927.0,523.5,31.0,12.0,1,6,0
98,4,1272.0,530.5,24.0,13.0,1,4,0
98,2,80.0,505.75,104.0,20.75,1,6,0
98,5,0.0,502.5,60.03,19.0,1,6,0
98,6,1733.0,502.75,76.0,137.25,1,1,0
99,3,914.5,520.5,29.0,11.0,1,6,0
99,4,1262.0,531.0,18.0,13.0,1,4,0
99,2,64.75,496.0,103.62,21.5,1,6,0
99,5,0.0,496.25,49.19,16.75,1,6,0
99,6,1732.0,502.0,76.0,138.0,1,1,0
100,3,906.0,520.0,30.0,13.0,1,6,0
100,4,1250.0,532.0,22.0,13.0,1,4,0
100,2,55.88,501.0,104.0,19.0,1,6,0
100,5,0.08,498.25,40.17,18.75,1,6,0
100,6,1735.0,504.5,80.0,135.5,1,1,0
101,3,896.0,521.5,32.0,12.0,1,6,0
101,4,1243.0,533.0,22.0,12.0,1,4,0
101,2,47.16,494.5,98.84,20.5,1,6,0
101,5,-0.0,493.75,30.3,19.25,1,6,0
101,6,1737.0,509.5,76.0,130.0,1,1,0
102,3,887.5,518.5,27.0,10.0,1,6,0
102,4,1234.0,529.0,22.0,15.0,1,4,0
102,2,34.0,487.5,102.25,22.0,1,6,0
102,5,0.0,485.5,19.53,26.5,1,6,0
102,6,1739.0,510.5,80.0,129.5,1,1,0
103,3,879.5,513.0,33.0,15.0,1,6,0
103,4,1230.0,518.5,24.0,12.0,1,4,0
103,2,31.16,510.5,100.47,21.0,1,6,0
103,5,0.0,510.75,16.12,18.75,1,6,0
103,6,1752.0,480.0,82.0,148.0,1,1,0
104,3,874.5,519.0,29.0,10.0,1,6,0
104,4,1226.0,519.5,22.0,13.0,1,4,0
104,2,22.91,517.0,104.97,20.0,1,6,0
104,5,0.0,517.5,9.48,16.0,1,6,0
104,6,1756.0,477.75,86.0,156.25,1,1,0
105,3,867.0,533.0,29.0,12.0,1,6,0
105,4,1218.0,531.5,24.0,13.0,1,4,0
105,2,4.72,532.0,114.78,20.0,1,6,0
105,6,1764.0,489.25,84.0,150.75,1,1,0
106,3,864.0,536.5,32.0,15.0,1,6,0
106,4,1214.0,537.5,20.0,14.0,1,4,0
106,2,5.09,540.0,107.53,21.0,1,6,0
106,6,1775.0,493.0,82.0,147.0,1,1,0
107,3,863.5,543.0,31.0,10.0,1,6,0
107,4,1215.0,539.0,18.0,13.0,1,4,0
107,2,7.16,543.0,105.09,25.0,1,6,0
107,6,1785.0,494.0,86.0,145.0,1,1,0
108,3,856.5,536.0,32.0,12.0,1,6,0
108,4,1214.0,533.5,20.0,12.0,1,4,0
108,2,2.25,544.5,102.5,22.0,1,6,0
108,6,1793.0,486.5,88.0,153.0,1,1,0
109,3,856.0,526.0,31.0,10.0,1,6,0
109,4,1209.0,532.5,22.0,12.0,1,4,0
109,2,0.22,509.75,102.53,19.25,1,6,0
109,6,1808.0,502.5,78.0,136.0,1,1,0
110,3,856.0,511.0,30.0,10.0,1,6,0
110,4,1209.0,517.0,20.0,13.0,1,4,0
110,2,1.94,494.5,94.19,19.5,1,6,0
110,6,1811.0,489.75,88.0,149.25,1,1,0
111,3,855.0,491.75,25.0,11.5,1,6,0
111,4,1207.0,499.0,20.0,13.5,1,4,0
111,2,0.22,472.5,95.66,23.0,1,6,0
112,3,851.0,472.5,29.0,15.5,1,6,0
112,4,1207.0,486.0,22.0,12.0,1,4,0
112,2,0.09,454.75,95.53,20.5,1,6,0
112,6,1831.0,468.5,82.0,171.0,1,1,0
113,3,857.5,491.75,23.0,11.5,1,6,0
113,4,1207.0,501.5,18.0,13.0,1,4,0
113,2,0.44,470.5,94.0,23.5,1,6,0
114,3,856.0,494.25,31.0,11.5,1,6,0
114,4,1214.0,504.75,12.0,11.25,1,4,0
114,2,0.12,468.75,94.31,21.5,1,6,0
115,3,865.0,503.5,24.0,14.5,1,6,0
115,4,1215.0,512.5,18.0,12.0,1,4,0
115,2,0.16,489.25,95.72,21.0,1,6,0
116,3,863.5,519.0,25.0,13.0,1,6,0
116,4,1216.0,525.5,18.0,11.0,1,4,0
116,2,0.34,513.0,96.28,24.0,1,6,0
117,3,863.0,527.0,25.0,13.0,1,6,0
117,4,1216.0,529.5,18.0,13.0,1,4,0
117,2,0.16,524.5,96.22,21.0,1,6,0
118,3,862.0,529.5,26.0,13.0,1,6,0
118,4,1217.0,531.0,16.0,12.0,1,4,0
118,2,0.0,532.5,94.25,21.0,1,6,0
119,3,862.5,527.0,25.0,11.0,1,6,0
119,4,1215.0,526.5,18.0,13.0,1,4,0
119,2,0.09,526.5,87.53,19.0,1,6,0
120,3,856.5,520.0,32.0,12.0,1,6,0
120,4,1217.0,519.0,22.0,12.0,1,4,0
120,2,0.0,522.5,88.38,24.0,1,6,0
121,3,863.5,510.75,25.0,9.25,1,6,0
121,4,1223.0,509.25,18.0,11.25,1,4,0
121,2,0.34,511.0,90.16,25.0,1,6,0
122,3,864.0,497.5,29.0,14.0,1,6,0
122,4,1223.0,503.5,18.0,14.0,1,4,0
122,2,0.03,486.75,87.97,19.5,1,6,0
123,3,865.0,496.25,31.0,12.5,1,6,0
123,4,1231.0,503.25,24.0,13.75,1,4,0
123,2,0.37,480.5,96.19,22.5,1,6,0
124,3,872.0,513.5,32.0,12.0,1,6,0
124,4,1239.0,522.5,18.0,13.0,1,4,0
124,2,1.41,492.5,100.34,19.5,1,6,0
125,3,880.0,529.5,32.0,13.0,1,6,0
125,4,1247.0,542.5,18.0,11.0,1,4,0
125,2,0.0,507.5,111.62,22.0,1,6,0
126,3,895.5,535.5,30.0,9.0,1,6,0
126,4,1263.0,544.5,18.0,11.0,1,4,0
126,2,1.41,509.75,117.72,20.75,1,6,0
127,3,906.5,536.5,33.0,14.0,1,6,0
127,4,1271.0,543.0,18.0,13.0,1,4,0
127,2,1.12,518.5,133.88,25.0,1,6,0
128,3,919.0,520.5,33.0,14.0,1,6,0
128,4,1287.0,525.0,18.0,12.0,1,4,0
128,2,20.06,512.0,125.94,23.0,1,6,0
129,3,935.0,524.0,32.0,12.0,1,6,0
129,4,1298.0,525.0,22.0,12.0,1,4,0
129,2,1.88,518.0,149.5,24.0,1,6,0
130,3,943.0,522.5,32.0,13.0,1,6,0
130,4,1309.0,523.5,20.0,13.0,1,4,0
130,2,9.19,517.0,150.06,21.0,1,6,0
131,3,951.5,520.0,32.0,13.0,1,6,0
131,4,1319.0,520.0,18.0,13.0,1,4,0
131,2,16.69,517.0,145.81,24.0,1,6,0
132,3,959.5,515.5,30.0,12.0,1,6,0
132,4,1327.0,519.0,18.0,11.0,1,4,0
132,2,29.19,509.5,145.56,22.0,1,6,0
132,8,14.91,509.75,109.84,20.25,1,6,0
133,3,964.0,487.75,28.0,13.0,1,6,0
133,4,1331.0,495.5,22.0,14.0,1,4,0
133,2,28.81,472.75,146.19,22.5,1,6,0
133,8,30.5,473.75,73.5,19.0,1,6,0
134,3,967.0,486.5,30.0,10.5,1,6,0
134,4,1334.0,496.25,20.0,13.0,1,4,0
134,2,32.03,464.75,79.72,21.5,1,6,0
135,3,968.5,486.25,30.0,10.0,1,6,0
135,4,1337.0,497.75,18.0,13.5,1,4,0
135,2,34.62,460.25,76.5,18.5,1,6,0
135,8,38.44,459.75,139.06,21.5,1,6,0
136,3,974.5,489.25,25.0,14.5,1,6,0
136,4,1339.0,506.5,22.0,13.0,1,4,0
136,2,32.56,459.0,80.12,20.5,1,6,0
136,8,108.62,462.75,66.75,18.0,1,6,0
137,3,970.0,499.5,28.0,11.5,1,6,0
137,4,1338.0,511.0,22.0,12.0,1,4,0
137,2,28.31,472.25,103.19,22.0,1,6,0
137,8,34.44,472.75,139.56,23.0,1,6,0
138,3,967.5,503.25,25.0,13.25,1,6,0
138,4,1336.0,519.0,20.0,12.0,1,4,0
138,2,33.5,472.75,72.25,21.5,1,6,0
138,8,31.81,474.0,139.19,23.5,1,6,0
139,3,964.5,512.0,26.0,15.0,1,6,0
139,4,1334.0,525.0,18.0,12.0,1,4,0
139,2,19.75,488.25,101.75,22.0,1,6,0
139,8,32.75,490.25,130.75,21.5,1,6,0
140,3,959.0,519.5,26.0,10.0,1,6,0
140,4,1329.0,523.5,16.0,14.0,1,4,0
140,2,23.97,504.25,75.53,21.75,1,6,0
140,8,96.19,509.75,62.31,17.25,1,6,0
141,3,951.5,520.0,29.0,13.0,1,6,0
141,4,1327.0,524.0,18.0,13.0,1,4,0
141,2,16.0,509.25,135.25,20.75,1,6,0
142,3,943.5,513.0,31.0,13.0,1,6,0
142,4,1319.0,516.5,18.0,13.0,1,4,0
142,2,9.81,506.0,133.44,22.0,1,6,0
143,3,936.0,480.0,33.0,14.5,1,6,0
143,4,1311.0,485.0,18.0,12.0,1,4,0
143,2,1.81,480.25,134.19,22.5,1,6,0
144,3,932.5,473.75,28.0,13.5,1,6,0
144,4,1309.0,479.0,20.0,12.0,1,4,0
144,2,0.78,472.0,125.47,23.5,1,6,0
145,3,919.0,478.25,39.0,10.5,1,6,0
145,4,1302.0,481.0,18.0,13.0,1,4,0
145,2,0.72,471.25,119.03,24.5,1,6,0
146,3,919.0,480.5,28.0,10.5,1,6,0
146,4,1297.0,485.75,18.0,12.0,1,4,0
146,2,0.31,470.25,111.81,24.0,1,6,0
147,3,911.5,503.25,32.0,9.25,1,6,0
147,4,1289.0,510.75,24.0,12.75,1,4,0
147,2,0.0,487.0,110.75,24.0,1,6,0
148,3,906.0,505.25,30.0,12.75,1,6,0
148,4,1287.0,518.0,18.0,11.0,1,4,0
148,2,0.47,485.75,97.66,22.0,1,6,0
149,3,901.0,510.25,30.0,10.25,1,6,0
149,4,1279.0,521.0,24.0,14.0,1,4,0
149,2,0.0,484.75,94.25,20.5,1,6,0
150,3,897.0,514.0,31.0,12.0,1,6,0
150,4,1279.0,525.5,18.0,12.0,1,4,0
150,2,0.5,492.25,86.94,19.5,1,6,0
151,3,897.0,517.5,31.0,11.0,1,6,0
151,4,1278.0,527.5,18.0,14.0,1,4,0
151,2,0.0,490.0,86.62,22.5,1,6,0
152,3,895.5,517.0,32.0,12.0,1,6,0
152,4,1279.0,528.0,18.0,13.0,1,4,0
152,2,0.0,488.5,87.12,23.5,1,6,0
153,3,899.5,511.0,30.0,10.0,1,6,0
153,4,1284.0,517.5,16.0,11.0,1,4,0
153,2,0.22,501.75,84.03,19.75,1,6,0
154,3,897.5,505.5,31.0,15.0,1,6,0
154,4,1283.0,511.5,22.0,13.0,1,4,0
154,2,0.12,501.5,83.88,20.0,1,6,0
155,3,896.0,498.75,32.0,13.75,1,6,0
155,4,1280.0,502.5,30.0,13.0,1,4,0
155,2,0.22,497.5,79.78,21.0,1,6,0
156,3,897.5,495.25,30.0,10.0,1,6,0
156,4,1280.0,494.25,24.0,13.5,1,4,0
156,2,0.0,495.25,79.38,22.25,1,6,0
157,3,894.5,489.75,32.0,14.5,1,6,0
157,4,1281.0,492.25,24.0,13.0,1,4,0
157,2,0.22,489.25,74.16,23.25,1,6,0
158,3,891.0,513.5,30.0,12.0,1,6,0
158,4,1279.0,512.0,18.0,15.0,1,4,0
158,2,0.03,516.5,69.59,21.0,1,6,0
159,3,888.0,545.0,30.0,12.0,1,6,0
159,4,1272.0,551.0,24.0,12.0,1,4,0
159,2,0.0,527.5,64.5,24.0,1,6,0
160,3,880.5,550.5,33.0,11.0,1,6,0
160,4,1271.0,554.5,18.0,13.0,1,4,0
160,2,0.0,528.5,62.19,23.0,1,6,0
161,3,882.5,551.0,29.0,10.0,1,6,0
161,4,1270.0,558.5,18.0,11.0,1,4,0
161,2,0.0,534.0,56.56,19.0,1,6,0
162,3,880.0,532.5,32.0,11.0,1,6,0
162,4,1267.0,536.5,22.0,13.0,1,4,0
162,2,-0.0,513.5,54.38,23.0,1,6,0
163,3,882.0,527.0,27.0,10.0,1,6,0
163,4,1271.0,534.5,18.0,11.0,1,4,0
163,2,0.03,509.0,48.03,19.0,1,6,0
164,3,879.0,519.0,25.0,10.0,1,6,0
164,4,1268.0,527.5,20.0,14.0,1,4,0
164,2,0.0,501.75,48.53,19.25,1,6,0
165,3,879.5,511.25,32.0,9.75,1,6,0
165,4,1269.0,519.5,20.0,13.0,1,4,0
165,2,0.0,493.5,46.47,18.5,1,6,0
166,3,880.5,503.0,29.0,9.5,1,6,0
166,4,1269.0,511.25,20.0,13.25,1,4,0
166,2,0.0,487.0,46.88,19.0,1,6,0
167,3,881.0,495.75,29.0,11.5,1,6,0
167,4,1269.0,503.75,20.0,14.25,1,4,0
167,2,0.06,480.0,48.19,21.5,1,6,0
168,3,884.0,503.0,29.0,15.0,1,6,0
168,4,1271.0,513.5,22.0,14.0,1,4,0
168,2,0.0,486.25,46.12,19.0,1,6,0
169,3,879.5,504.25,32.0,13.25,1,6,0
169,4,1271.0,514.0,24.0,14.0,1,4,0
169,2,0.03,486.75,44.75,18.5,1,6,0
170,3,881.0,505.5,31.0,11.5,1,6,0
170,4,1270.0,514.0,20.0,14.0,1,4,0
170,2,0.17,486.75,40.08,19.5,1,6,0
171,3,876.0,510.25,28.0,9.75,1,6,0
171,4,1271.0,516.5,18.0,12.0,1,4,0
171,2,0.03,494.5,40.69,19.0,1,6,0
172,3,879.0,511.0,25.0,14.0,1,6,0
172,4,1269.0,519.0,20.0,14.0,1,4,0
172,2,0.05,497.5,38.95,20.0,1,6,0
173,3,872.5,517.5,32.0,10.0,1,6,0
173,4,1270.0,522.5,20.0,13.0,1,4,0
173,2,0.11,502.5,36.45,18.0,1,6,0
174,3,871.5,518.0,33.0,10.0,1,6,0
174,4,1271.0,526.0,18.0,11.0,1,4,0
174,2,0.0,502.5,32.31,18.5,1,6,0
175,3,871.5,518.0,33.0,10.0,1,6,0
175,4,1270.0,526.5,20.0,11.0,1,4,0
175,2,0.0,502.25,28.27,17.25,1,6,0
176,3,864.0,516.0,40.0,12.0,1,6,0
176,4,1268.0,526.5,20.0,11.0,1,4,0
176,2,-0.0,497.75,24.19,20.75,1,6,0
177,3,869.0,512.0,28.0,15.0,1,6,0
177,4,1264.0,523.0,24.0,13.0,1,4,0
177,2,0.0,495.25,23.77,21.75,1,6,0
178,3,863.5,513.5,33.0,12.0,1,6,0
178,4,1262.0,520.5,18.0,14.0,1,4,0
178,2,0.0,497.25,16.38,19.25,1,6,0
179,3,855.5,502.75,32.0,13.75,1,6,0
179,4,1253.0,511.5,20.0,14.0,1,4,0
179,2,0.04,494.0,10.58,16.0,1,6,0
180,3,849.0,505.25,31.0,12.25,1,6,0
180,4,1245.0,512.0,20.0,14.0,1,4,0
180,2,0.04,495.0,5.95,17.0,1,6,0
181,3,839.0,510.25,33.0,9.25,1,6,0
181,4,1237.0,513.0,18.0,14.0,1,4,0
182,3,824.0,510.75,36.0,9.25,1,6,0
182,4,1224.0,514.5,24.0,13.0,1,4,0
183,3,814.5,511.75,26.0,8.75,1,6,0
183,4,1209.0,516.0,22.0,13.0,1,4,0
184,3,794.0,511.0,30.0,9.0,1,6,0
184,4,1198.0,518.0,18.0,11.0,1,4,0
185,3,783.0,510.25,26.0,9.25,1,6,0
185,4,1181.0,518.5,18.0,11.0,1,4,0
186,3,765.5,510.75,33.0,9.75,1,6,0
186,4,1165.0,520.0,22.0,13.0,1,4,0
187,3,752.5,515.5,31.0,13.0,1,6,0
187,4,1153.0,521.0,22.0,13.0,1,4,0
188,3,735.5,518.5,31.0,10.0,1,6,0
188,4,1137.0,524.0,24.0,13.0,1,4,0
189,3,720.0,486.75,32.0,10.0,1,6,0
189,4,1125.0,494.0,20.0,12.0,1,4,0
190,3,712.0,480.75,36.0,15.5,1,6,0
190,4,1115.0,488.0,18.0,12.0,1,4,0
191,3,700.5,486.5,28.0,10.5,1,6,0
191,4,1101.0,487.75,20.0,13.5,1,4,0
192,3,687.5,487.75,25.0,9.0,1,6,0
192,4,1087.0,489.0,18.0,13.5,1,4,0
193,3,669.0,486.5,33.0,10.5,1,6,0
193,4,1072.0,488.0,22.0,13.5,1,4,0
194,3,657.0,488.25,30.0,14.5,1,6,0
194,4,1061.0,490.75,18.0,11.5,1,4,0
195,3,639.5,507.5,31.0,12.0,1,6,0
195,4,1045.0,503.5,18.0,14.5,1,4,0
196,3,624.5,511.75,31.0,9.25,1,6,0
196,4,1029.0,510.75,20.0,12.75,1,4,0
197,3,609.5,519.0,29.0,9.0,1,6,0
197,4,1012.5,517.5,21.5,12.0,1,4,0
198,3,600.0,521.0,29.0,12.0,1,6,0
198,4,1001.0,519.0,22.0,13.0,1,4,0
199,3,585.0,519.5,30.0,10.0,1,6,0
199,4,990.0,520.5,19.0,13.0,1,4,0
200,3,568.5,510.5,37.0,10.0,1,6,0
200,4,980.0,518.0,19.0,11.0,1,4,0
201,3,567.5,501.5,32.0,11.0,1,6,0
201,4,974.5,507.5,18.0,13.0,1,4,0
202,3,561.0,487.25,31.0,14.5,1,6,0
202,4,968.5,495.25,22.0,14.5,1,4,0
203,3,560.0,480.75,32.0,14.0,1,6,0
203,4,967.0,487.75,19.0,13.5,1,4,0
204,3,555.5,483.5,34.0,12.5,1,6,0
204,4,966.0,487.5,19.0,13.5,1,4,0
205,3,559.0,526.5,32.0,10.0,1,6,0
205,4,965.5,526.5,19.0,13.0,1,4,0
206,3,560.0,524.0,31.0,11.0,1,6,0
206,4,968.0,521.0,17.0,13.0,1,4,0
207,3,559.5,522.5,32.0,13.0,1,6,0
207,4,969.0,518.0,21.0,13.0,1,4,0
208,3,560.0,512.5,32.0,12.0,1,6,0
208,4,969.0,514.0,20.0,14.0,1,4,0
209,3,561.0,513.0,31.0,14.0,1,6,0
209,4,968.5,513.0,22.0,14.0,1,4,0
210,3,561.5,512.5,31.0,13.0,1,6,0
210,4,973.5,515.0,19.0,12.0,1,4,0
211,3,562.5,513.0,34.0,12.0,1,6,0
211,4,974.5,518.5,19.0,13.0,1,4,0
212,3,567.5,515.0,32.0,12.0,1,6,0
212,4,977.0,523.0,23.0,12.0,1,4,0
213,3,568.0,518.5,36.0,10.0,1,6,0
213,4,981.0,527.0,19.0,13.0,1,4,0
214,3,572.5,523.0,30.0,13.0,1,6,0
214,4,981.0,531.0,20.0,13.0,1,4,0
215,3,571.5,523.0,33.0,12.0,1,6,0
215,4,984.0,534.5,18.0,12.0,1,4,0
216,3,579.0,511.5,29.0,13.0,1,6,0
216,4,987.0,518.0,20.0,12.0,1,4,0
217,3,576.5,513.0,32.0,14.0,1,6,0
217,4,989.5,518.0,19.0,12.0,1,4,0
218,3,577.0,514.0,32.0,12.0,1,6,0
218,4,991.0,519.5,18.0,13.0,1,4,0
219,3,582.5,520.0,27.0,11.0,1,6,0
219,4,992.0,526.0,17.0,10.0,1,4,0
220,3,580.5,521.5,28.0,14.0,1,6,0
220,4,992.0,527.0,17.0,11.0,1,4,0
221,3,578.0,495.75,30.0,14.0,1,6,0
221,4,991.0,499.5,18.0,12.5,1,4,0
222,3,581.5,502.5,28.0,9.5,1,6,0
222,4,991.0,502.75,17.0,12.25,1,4,0
223,3,575.5,507.75,33.0,11.75,1,6,0
223,4,989.5,507.75,19.0,12.25,1,4,0
224,3,575.5,518.0,32.0,10.0,1,6,0
224,4,985.0,513.0,23.0,13.0,1,4,0
225,3,568.0,519.0,32.0,13.0,1,6,0
225,4,983.5,518.5,17.0,12.0,1,4,0
226,3,562.0,520.5,38.0,13.0,1,6,0
226,4,976.5,517.0,22.0,12.0,1,4,0
227,3,557.5,500.25,33.0,12.75,1,6,0
227,4,967.0,504.0,19.0,12.5,1,4,0
228,3,546.5,502.5,31.0,10.5,1,6,0
228,4,958.0,509.75,19.0,11.75,1,4,0
229,3,535.5,504.0,33.0,11.5,1,6,0
229,4,950.0,510.25,18.0,12.25,1,4,0
230,3,527.5,504.25,32.0,11.75,1,6,0
230,4,935.5,511.25,21.0,14.25,1,4,0
231,3,511.75,498.0,36.25,13.0,1,6,0
231,4,926.5,513.0,19.0,12.0,1,4,0
232,3,504.5,496.0,31.0,10.5,1,6,0
232,4,917.5,506.75,19.0,13.25,1,4,0
233,3,495.75,488.0,32.25,14.0,1,6,0
233,4,906.0,501.0,20.0,13.0,1,4,0
234,3,487.75,490.5,31.75,12.5,1,6,0
234,4,897.5,495.5,22.0,13.0,1,4,0
235,3,476.75,485.0,28.5,11.0,1,6,0
235,4,888.0,491.5,18.0,12.5,1,4,0
236,3,468.25,503.5,28.0,12.0,1,6,0
236,4,879.5,506.5,19.0,13.0,1,4,0
237,3,462.75,503.5,26.5,12.5,1,6,0
237,4,872.0,503.25,17.0,12.75,1,4,0
238,3,455.0,502.75,30.5,14.25,1,6,0
238,4,866.5,501.5,19.0,11.5,1,4,0
239,3,447.0,518.5,30.5,11.0,1,6,0
239,4,860.5,514.5,19.0,13.0,1,4,0
240,3,439.75,537.0,32.5,16.0,1,6,0
240,4,855.5,533.5,17.0,11.0,1,4,0
241,3,432.25,520.0,31.5,12.0,1,6,0
241,4,845.0,525.0,19.0,12.0,1,4,0
242,3,423.25,513.0,33.5,15.0,1,6,0
242,4,841.0,518.0,16.0,12.0,1,4,0
243,3,419.5,511.0,36.5,10.0,1,6,0
243,4,833.0,512.0,22.0,14.0,1,4,0
244,3,416.5,500.75,31.5,11.75,1,6,0
244,4,830.5,504.75,18.0,14.25,1,4,0
245,3,408.25,526.0,37.5,12.0,1,6,0
245,4,824.5,535.0,22.0,15.0,1,4,0
246,3,408.0,519.0,32.0,10.0,1,6,0
246,4,824.0,533.5,17.0,11.0,1,4,0
247,3,408.0,519.0,32.0,10.0,1,6,0
247,4,823.0,527.5,22.0,15.0,1,4,0
248,3,407.25,512.0,36.5,14.0,1,6,0
248,4,825.0,526.5,18.0,12.0,1,4,0
249,3,407.75,520.0,40.5,14.0,1,6,0
249,4,830.5,525.0,17.0,13.0,1,4,0
250,3,415.25,520.5,33.5,14.0,1,6,0
250,4,832.0,527.0,18.0,11.0,1,4,0
251,3,423.25,513.0,32.5,13.0,1,6,0
251,4,839.0,511.5,18.0,13.0,1,4,0
252,3,427.75,518.5,34.5,10.0,1,6,0
252,4,846.0,512.0,18.0,14.0,1,4,0
253,3,433.75,519.0,34.5,12.0,1,6,0
253,4,855.0,517.0,17.0,11.0,1,4,0
254,3,446.25,526.5,30.5,10.0,1,6,0
254,4,862.5,520.0,18.0,13.0,1,4,0
255,3,456.0,519.0,29.5,9.0,1,6,0
255,4,868.0,520.0,21.0,13.0,1,4,0
256,3,464.75,519.5,31.0,9.0,1,6,0
256,4,878.0,520.0,19.0,13.0,1,4,0
257,3,471.25,511.75,33.0,15.25,1,6,0
257,4,890.5,518.5,20.0,12.0,1,4,0
258,3,485.0,472.0,32.0,14.5,1,6,0
258,4,903.5,478.0,17.0,11.5,1,4,0
259,3,493.25,464.5,31.75,14.5,1,6,0
259,4,909.0,473.25,19.0,12.5,1,4,0
260,3,504.25,464.0,30.75,16.0,1,6,0
260,4,919.0,474.75,18.0,13.0,1,4,0
261,3,513.0,469.25,29.0,10.5,1,6,0
261,4,927.5,480.75,19.0,12.0,1,4,0
262,3,519.5,478.75,32.0,10.0,1,6,0
262,4,937.0,487.25,20.0,12.0,1,4,0
263,3,529.0,486.0,29.0,10.0,1,6,0
263,4,944.5,495.0,17.0,11.5,1,4,0
264,3,536.5,492.0,30.0,12.0,1,6,0
264,4,951.5,501.5,18.0,12.5,1,4,0
265,3,536.5,502.75,32.0,9.25,1,6,0
265,4,958.0,510.75,19.0,11.25,1,4,0
266,3,547.5,511.75,28.0,13.75,1,6,0
266,4,966.5,518.5,18.0,11.0,1,4,0
267,3,551.5,521.5,31.0,12.0,1,6,0
267,4,968.0,525.5,21.0,12.0,1,4,0
268,3,551.5,526.0,32.0,11.0,1,6,0
268,4,974.5,528.5,18.0,13.0,1,4,0
269,3,556.0,513.0,33.0,14.0,1,6,0
269,4,977.0,518.5,18.0,11.0,1,4,0
270,3,555.5,488.25,36.0,15.0,1,6,0
270,4,980.5,490.75,18.0,13.5,1,4,0
271,3,556.0,489.5,35.0,13.0,1,6,0
271,4,982.5,495.25,15.0,12.0,1,4,0
272,3,560.0,496.5,31.0,12.0,1,6,0
272,4,982.5,502.75,18.0,11.75,1,4,0
273,3,554.5,502.5,35.0,10.0,1,6,0
273,4,977.0,510.5,18.0,11.0,1,4,0
274,3,551.5,505.0,39.0,14.0,1,6,0
274,4,978.5,515.0,22.0,12.0,1,4,0
275,3,551.0,509.25,33.0,11.75,1,6,0
275,4,977.0,518.0,17.0,10.0,1,4,0
276,3,549.0,509.5,35.0,11.0,1,6,0
276,4,972.5,514.5,20.0,13.0,1,4,0
277,3,544.5,504.75,31.0,11.75,1,6,0
277,4,967.5,511.5,17.0,11.0,1,4,0
278,3,535.5,496.25,39.0,15.0,1,6,0
278,4,962.0,503.0,21.0,12.5,1,4,0
279,3,530.5,493.75,37.0,11.0,1,6,0
279,4,959.0,495.75,18.0,12.5,1,4,0
280,3,528.5,493.5,32.0,11.0,1,6,0
280,4,952.5,495.75,19.0,13.5,1,4,0
281,3,520.5,495.0,32.0,15.5,1,6,0
281,4,949.5,503.25,19.0,11.25,1,4,0
282,3,518.5,485.75,32.0,11.0,1,6,0
282,4,943.0,494.5,18.0,10.5,1,4,0
283,3,510.25,480.75,33.25,15.0,1,6,0
283,4,936.5,494.0,17.0,11.0,1,4,0
284,3,505.0,535.0,36.0,10.0,1,6,0
284,4,928.5,545.5,21.0,12.0,1,4,0
285,3,497.75,528.5,30.75,13.0,1,6,0
285,4,922.0,539.5,20.0,12.0,1,4,0
286,3,495.0,528.5,25.5,11.0,1,6,0
286,4,918.5,536.0,19.0,13.0,1,4,0
287,3,488.0,534.5,32.0,10.0,1,6,0
287,4,910.0,536.0,19.0,15.0,1,4,0
288,3,476.0,542.0,35.0,11.0,1,6,0
288,4,905.5,543.5,17.0,11.0,1,4,0
289,3,478.25,523.0,26.0,13.0,1,6,0
289,4,897.0,528.5,19.0,14.0,1,4,0
290,3,465.5,520.5,31.0,15.0,1,6,0
290,4,892.5,534.0,19.0,10.0,1,4,0
291,3,463.0,520.5,33.5,16.0,1,6,0
291,4,889.0,534.0,16.0,10.0,1,4,0
292,3,454.5,518.5,32.0,11.0,1,6,0
292,4,879.5,528.0,24.0,14.0,1,4,0
293,3,444.25,510.75,34.5,9.25,1,6,0
293,4,878.5,524.5,17.0,11.0,1,4,0
294,3,439.0,488.0,33.0,16.5,1,6,0
294,4,872.5,502.25,18.0,10.25,1,4,0
295,3,435.75,489.0,35.0,12.5,1,6,0
295,4,864.0,501.25,24.0,11.75,1,4,0
296,3,425.75,492.5,37.5,12.0,1,6,0
296,4,863.0,503.5,17.0,11.0,1,4,0
297,3,423.5,502.0,39.5,10.5,1,6,0
297,4,856.0,503.75,24.0,13.25,1,4,0
298,3,423.5,501.5,31.0,10.0,1,6,0
298,4,855.0,503.75,17.0,11.75,1,4,0
299,3,416.5,503.75,32.5,12.25,1,6,0
299,4,848.0,504.25,17.0,12.25,1,4,0
300,3,411.75,504.5,36.5,15.0,1,6,0
300,4,847.5,505.75,18.0,12.25,1,4,0
301,3,407.5,510.5,37.5,10.0,1,6,0
301,4,841.0,507.0,20.0,13.0,1,4,0
302,3,400.5,504.5,40.0,15.0,1,6,0
302,4,839.5,509.25,18.0,11.25,1,4,0
303,3,402.25,506.5,37.5,13.0,1,6,0
303,4,838.5,507.25,18.0,12.75,1,4,0
304,3,396.75,504.5,35.0,15.0,1,6,0
304,4,832.5,504.0,20.0,14.0,1,4,0
305,3,392.0,495.0,40.5,17.0,1,6,0
305,4,831.0,500.75,18.0,11.25,1,4,0
306,3,391.5,490.25,41.0,15.0,1,6,0
306,4,830.5,495.0,18.0,12.0,1,4,0
307,3,392.0,487.5,32.0,12.0,1,6,0
307,4,830.0,492.25,19.0,12.0,1,4,0
308,3,392.0,486.75,32.0,9.5,1,6,0
308,4,824.0,491.0,18.0,12.0,1,4,0
309,3,383.75,495.75,33.0,14.0,1,6,0
309,4,822.0,504.5,18.0,12.0,1,4,0
310,3,376.75,502.0,39.0,10.0,1,6,0
310,4,816.0,510.25,17.0,10.25,1,4,0
311,3,375.25,507.0,32.5,12.0,1,6,0
311,4,808.0,514.0,19.0,13.0,1,4,0
312,3,368.0,511.75,32.5,14.75,1,6,0
312,4,801.5,519.5,19.0,13.0,1,4,0
313,3,361.0,510.25,31.5,10.25,1,6,0
313,4,795.0,518.5,21.0,11.0,1,4,0
314,3,356.5,502.25,30.5,13.75,1,6,0
314,4,791.0,511.5,17.0,11.0,1,4,0
315,3,344.0,496.0,36.5,16.0,1,6,0
315,4,783.0,509.75,16.0,11.75,1,4,0
316,3,336.25,493.75,36.0,10.5,1,6,0
316,4,776.0,506.5,17.0,12.0,1,4,0
317,3,334.5,494.5,32.5,9.5,1,6,0
317,4,774.0,506.25,18.0,11.25,1,4,0
318,3,329.5,488.25,35.5,14.5,1,6,0
318,4,769.0,502.25,16.0,10.75,1,4,0
319,3,328.25,496.25,32.0,11.5,1,6,0
319,4,768.0,502.0,17.0,11.0,1,4,0
320,3,327.75,495.25,33.0,12.0,1,6,0
320,4,767.5,500.25,18.0,12.75,1,4,0
321,3,327.75,494.0,33.0,14.0,1,6,0
321,4,767.0,500.75,18.0,11.75,1,4,0
322,3,325.75,503.0,34.5,9.0,1,6,0
322,4,767.0,502.5,18.0,11.0,1,4,0
323,3,320.5,508.0,40.0,12.0,1,6,0
323,4,767.0,504.75,18.0,12.75,1,4,0
324,3,326.0,510.75,34.5,9.25,1,6,0
324,4,767.0,511.0,18.0,11.0,1,4,0
325,3,327.5,514.0,39.5,13.0,1,6,0
325,4,768.0,512.5,24.0,14.0,1,4,0
326,3,327.25,517.5,39.0,10.0,1,6,0
326,4,775.0,518.5,17.0,10.0,1,4,0
327,3,330.25,510.5,37.5,10.0,1,6,0
327,4,775.0,518.5,18.0,10.0,1,4,0
328,3,335.25,510.0,37.0,10.0,1,6,0
328,4,780.0,518.0,21.0,11.0,1,4,0
329,3,343.25,505.75,41.0,13.75,1,6,0
329,4,786.5,516.0,22.0,12.0,1,4,0
330,3,351.75,504.0,40.5,13.5,1,6,0
330,4,797.5,515.5,20.0,11.0,1,4,0
331,3,360.75,498.25,38.5,13.5,1,6,0
331,4,807.0,510.5,18.0,11.0,1,4,0
332,3,374.5,494.75,33.5,14.0,1,6,0
332,4,816.5,504.25,24.0,13.75,1,4,0
333,3,383.25,493.5,41.0,11.0,1,6,0
333,4,830.5,503.25,19.0,11.25,1,4,0
334,3,399.5,487.5,41.5,16.5,1,6,0
334,4,846.0,498.5,18.0,13.0,1,4,0
335,3,407.25,489.5,40.5,14.5,1,6,0
335,4,855.5,497.5,18.0,13.5,1,4,0
336,3,424.5,495.5,36.5,15.5,1,6,0
336,4,868.5,502.5,20.0,11.5,1,4,0
337,3,438.0,504.0,34.5,14.0,1,6,0
337,4,879.5,510.75,18.0,11.25,1,4,0
338,3,440.75,514.0,39.0,14.0,1,6,0
338,4,886.5,518.5,19.0,11.0,1,4,0
339,3,448.25,512.5,37.0,15.0,1,6,0
339,4,893.5,520.0,19.0,14.0,1,4,0
340,3,455.5,505.5,32.5,14.0,1,6,0
340,4,896.0,517.5,23.0,12.0,1,4,0
341,3,456.0,488.5,32.0,12.0,1,6,0
341,4,899.0,500.5,21.0,11.0,1,4,0
342,3,456.25,487.0,33.5,14.0,1,6,0
342,4,900.5,498.75,20.0,12.5,1,4,0
343,3,449.25,484.75,39.0,12.5,1,6,0
343,4,901.5,497.75,22.0,13.0,1,4,0
344,3,448.25,479.75,40.0,16.5,1,6,0
344,4,895.0,495.75,21.0,13.0,1,4,0
345,3,450.75,486.25,35.5,11.0,1,6,0
345,4,894.5,495.0,19.0,14.0,1,4,0
346,3,447.25,481.75,32.5,14.0,1,6,0
346,4,892.5,497.0,16.0,11.5,1,4,0
347,3,440.0,481.75,35.5,15.0,1,6,0
347,4,887.5,495.25,18.0,12.5,1,4,0
348,3,440.25,487.5,32.0,10.5,1,6,0
348,4,881.5,494.0,22.0,13.0,1,4,0
349,3,423.5,499.75,40.5,12.25,1,6,0
349,4,874.0,507.0,21.0,12.0,1,4,0
350,3,423.0,504.5,34.0,14.0,1,6,0
350,4,865.5,510.0,19.0,12.0,1,4,0
351,3,423.0,512.5,26.0,13.0,1,6,0
351,4,859.5,516.5,19.0,11.0,1,4,0
352,3,421.75,520.0,25.5,12.0,1,6,0
352,4,850.5,524.0,19.0,11.0,1,4,0
353,3,391.75,522.5,40.5,14.0,1,6,0
353,4,839.5,526.0,22.0,12.0,1,4,0
354,3,385.5,526.5,33.5,10.0,1,6,0
354,4,829.5,526.0,19.0,12.0,1,4,0
355,3,367.0,516.0,41.0,12.0,1,6,0
355,4,815.0,519.5,24.0,14.0,1,4,0
356,3,360.0,504.5,38.0,14.0,1,6,0
356,4,805.5,511.5,19.0,13.0,1,4,0
357,3,344.0,495.0,38.5,9.5,1,6,0
357,4,794.0,502.75,21.0,12.75,1,4,0
358,3,335.5,488.5,41.0,13.5,1,6,0
358,4,784.5,497.25,17.0,13.0,1,4,0
359,3,322.0,480.25,38.5,15.5,1,6,0
359,4,774.5,494.25,18.0,12.0,1,4,0
360,3,315.25,481.25,37.5,15.5,1,6,0
360,4,765.5,495.25,17.0,13.0,1,4,0
361,3,302.5,520.0,48.0,15.0,1,6,0
361,4,758.5,526.0,18.0,11.0,1,4,0
362,3,298.75,538.5,37.5,13.0,1,6,0
362,4,751.0,542.5,17.0,11.0,1,4,0
363,3,291.5,544.0,39.0,14.0,1,6,0
363,4,741.5,548.0,18.0,12.0,1,4,0
364,3,286.5,550.5,37.5,10.0,1,6,0
364,4,735.5,551.0,17.0,10.0,1,4,0
365,3,272.75,545.0,46.5,15.0,1,6,0
365,4,727.5,549.0,17.0,11.0,1,4,0
366,3,271.5,532.5,39.5,11.0,1,6,0
366,4,720.5,528.5,17.0,13.0,1,4,0
367,3,263.5,520.5,38.0,14.0,1,6,0
367,4,711.5,523.0,17.0,13.0,1,4,0
368,3,252.62,513.0,41.62,15.0,1,6,0
368,4,705.0,520.5,21.0,14.0,1,4,0
369,3,251.88,512.0,35.62,13.0,1,6,0
369,4,703.0,519.0,17.0,11.0,1,4,0
370,3,248.0,504.25,40.0,13.25,1,6,0
370,4,698.5,512.5,21.0,13.0,1,4,0
371,3,247.25,495.5,39.0,14.0,1,6,0
371,4,695.5,509.0,19.0,12.0,1,4,0
372,3,247.5,496.5,40.5,14.0,1,6,0
372,4,699.0,506.5,21.0,12.0,1,4,0
373,3,250.75,488.0,37.0,14.0,1,6,0
373,4,703.5,502.0,17.0,11.5,1,4,0
374,3,256.5,496.5,46.5,14.5,1,6,0
374,4,712.5,503.0,17.0,10.5,1,4,0
375,3,272.0,502.75,40.0,10.75,1,6,0
375,4,722.0,503.25,21.0,10.25,1,4,0
376,3,279.25,513.5,41.0,14.0,1,6,0
376,4,735.5,513.0,17.0,13.0,1,4,0
377,3,288.75,512.5,48.0,15.0,1,6,0
377,4,750.0,512.0,18.0,11.0,1,4,0
378,3,312.25,514.5,39.0,12.0,1,6,0
378,4,765.5,510.5,19.0,11.0,1,4,0
379,3,327.75,514.5,40.5,14.0,1,6,0
379,4,781.0,512.0,19.0,11.0,1,4,0
380,3,343.5,506.5,40.5,13.0,1,6,0
380,4,799.0,511.25,16.0,11.25,1,4,0
381,3,360.5,512.0,39.0,13.0,1,6,0
381,4,813.0,512.0,20.0,14.0,1,4,0
382,3,376.0,505.75,47.5,14.75,1,6,0
382,4,837.0,515.0,14.0,11.0,1,4,0
383,3,399.75,504.0,41.0,17.0,1,6,0
383,4,854.5,513.0,18.0,11.0,1,4,0
384,3,427.5,502.5,30.5,10.5,1,6,0
384,4,872.0,510.5,16.0,11.0,1,4,0
385,3,431.75,496.5,40.5,14.0,1,6,0
385,4,887.5,507.25,17.0,12.75,1,4,0
386,3,447.0,491.75,40.5,13.0,1,6,0
386,4,903.0,504.25,18.0,11.75,1,4,0
387,3,463.5,488.0,35.0,15.0,1,6,0
387,4,918.5,503.25,17.0,11.75,1,4,0
388,3,471.5,488.0,40.5,15.0,1,6,0
388,4,928.0,503.75,17.0,10.75,1,4,0
389,3,479.25,494.5,41.75,10.0,1,6,0
389,4,937.5,508.0,17.0,11.0,1,4,0
390,3,487.5,502.25,40.0,10.25,1,6,0
390,4,943.0,511.75,18.0,13.75,1,4,0
391,3,492.25,511.75,42.25,10.75,1,6,0
391,4,951.0,519.5,18.0,13.0,1,4,0
392,3,495.25,522.0,44.75,14.0,1,6,0
392,4,959.5,526.5,17.0,11.0,1,4,0
393,3,503.5,528.0,40.0,14.0,1,6,0
393,4,959.5,530.5,19.0,11.0,1,4,0
394,3,503.25,529.5,40.25,13.0,1,6,0
394,4,966.5,531.5,18.0,11.0,1,4,0
395,3,504.25,513.5,39.25,14.0,1,6,0
395,4,967.5,518.0,20.0,10.0,1,4,0
396,3,505.25,512.5,46.75,15.0,1,6,0
396,4,970.0,519.0,15.0,10.0,1,4,0
397,3,505.5,513.0,46.0,15.0,1,6,0
397,4,969.5,520.0,19.0,12.0,1,4,0
398,3,510.75,518.0,38.25,10.0,1,6,0
398,4,973.0,525.0,15.0,11.0,1,4,0
399,3,504.5,518.0,44.0,10.0,1,6,0
399,4,970.5,527.5,15.0,10.0,1,4,0
400,3,503.75,511.25,40.25,14.25,1,6,0
400,4,968.5,526.5,17.0,10.0,1,4,0
401,3,497.0,476.75,42.0,11.5,1,6,0
401,4,959.0,489.5,21.0,12.5,1,4,0
402,3,494.0,478.5,42.0,10.0,1,6,0
402,4,959.0,489.0,18.0,13.0,1,4,0
403,3,487.0,477.0,40.5,11.5,1,6,0
403,4,952.0,488.25,18.0,12.0,1,4,0
404,3,481.0,474.5,40.5,14.0,1,6,0
404,4,950.0,491.25,16.0,10.0,1,4,0
405,3,479.0,481.75,39.5,13.5,1,6,0
405,4,942.5,492.75,18.0,11.0,1,4,0
406,3,471.25,503.0,40.5,9.5,1,6,0
406,4,940.5,508.25,18.0,11.25,1,4,0
407,3,473.25,503.25,34.5,13.25,1,6,0
407,4,935.5,510.5,17.0,11.0,1,4,0
408,3,463.75,503.25,40.5,14.75,1,6,0
408,4,928.5,511.25,17.0,11.25,1,4,0
409,3,455.5,507.25,40.0,12.25,1,6,0
409,4,927.0,512.0,19.0,11.0,1,4,0
410,3,448.5,510.25,40.0,10.25,1,6,0
410,4,920.5,511.25,19.0,11.25,1,4,0
411,3,438.75,505.75,41.0,14.25,1,6,0
411,4,912.0,506.75,17.0,12.25,1,4,0
412,3,432.5,505.75,40.0,14.75,1,6,0
412,4,903.5,504.5,17.0,12.0,1,4,0
413,3,424.75,499.25,38.0,12.5,1,6,0
413,4,895.0,504.0,16.0,11.5,1,4,0
414,3,415.75,503.5,40.0,12.5,1,6,0
414,4,887.0,508.25,17.0,11.75,1,4,0
415,3,405.25,558.5,42.0,10.0,1,6,0
415,4,879.0,561.0,16.0,13.0,1,4,0
416,3,394.75,550.5,46.0,10.0,1,6,0
416,4,871.0,562.5,18.0,11.0,1,4,0
417,3,389.25,544.0,43.0,13.0,1,6,0
417,4,864.5,559.0,16.0,10.0,1,4,0
418,3,383.25,517.5,42.0,10.0,1,6,0
418,4,858.0,534.5,15.0,9.0,1,4,0
419,3,376.5,503.5,44.0,14.0,1,6,0
419,4,855.5,519.0,15.0,12.0,1,4,0
420,3,374.25,493.0,41.5,11.0,1,6,0
420,4,849.0,508.25,16.0,11.25,1,4,0
421,3,370.25,488.5,46.0,14.0,1,6,0
421,4,846.5,495.5,19.0,12.5,1,4,0
422,3,366.5,480.0,50.0,14.0,1,6,0
422,4,846.5,489.75,19.0,12.0,1,4,0
423,3,369.25,496.0,45.5,15.5,1,6,0
423,4,845.5,504.25,19.0,12.25,1,4,0
424,3,372.5,511.5,43.5,10.0,1,6,0
424,4,847.5,510.75,22.0,12.75,1,4,0
425,3,375.0,522.0,40.5,13.0,1,6,0
425,4,849.0,521.5,23.0,14.0,1,4,0
426,3,375.75,539.0,47.5,13.0,1,6,0
426,4,856.5,536.5,17.0,11.0,1,4,0
427,3,383.75,551.0,40.0,9.0,1,6,0
427,4,862.5,549.0,16.0,10.0,1,4,0
428,3,385.75,534.5,43.0,11.0,1,6,0
428,4,863.0,528.0,18.0,14.0,1,4,0
429,3,383.75,526.5,46.0,10.0,1,6,0
429,4,863.5,529.5,17.0,13.0,1,4,0
430,3,389.75,524.0,42.0,12.0,1,6,0
430,4,870.5,527.0,18.0,14.0,1,4,0
431,3,394.75,520.5,39.5,13.0,1,6,0
431,4,874.5,527.0,19.0,10.0,1,4,0
432,3,399.0,511.0,41.0,9.0,1,6,0
432,4,879.5,518.5,17.0,9.0,1,4,0
433,3,399.75,501.75,40.0,10.75,1,6,0
433,4,880.0,511.25,19.0,11.25,1,4,0
434,3,399.75,488.5,49.0,16.0,1,6,0
434,4,887.0,503.25,17.0,12.25,1,4,0
435,3,407.0,485.5,40.5,11.0,1,6,0
435,4,888.0,500.25,18.0,11.5,1,4,0
436,3,407.25,487.5,47.5,13.5,1,6,0
436,4,893.5,500.5,21.0,10.5,1,4,0
437,3,415.25,488.75,43.0,13.0,1,6,0
437,4,903.5,502.75,16.0,9.25,1,4,0
438,3,420.25,494.5,43.5,10.0,1,6,0
438,4,904.5,503.75,18.0,12.75,1,4,0
439,3,423.5,509.0,47.5,11.0,1,6,0
439,4,914.5,511.25,17.0,10.75,1,4,0
440,3,435.25,513.5,44.5,14.0,1,6,0
440,4,921.0,515.0,23.0,12.0,1,4,0
441,3,446.75,519.0,41.0,10.0,1,6,0
441,4,935.0,519.0,17.0,9.0,1,4,0
442,3,456.0,514.0,39.5,14.0,1,6,0
442,4,944.0,515.0,17.0,12.0,1,4,0
443,3,466.0,510.5,44.0,10.0,1,6,0
443,4,956.0,510.25,18.0,11.75,1,4,0
444,3,478.5,504.25,42.0,14.25,1,6,0
444,4,967.5,504.0,17.0,11.0,1,4,0
445,3,480.0,489.0,48.5,15.5,1,6,0
445,4,975.0,496.0,17.0,13.0,1,4,0
446,3,495.5,488.25,40.0,14.5,1,6,0
446,4,984.0,492.25,18.0,11.5,1,4,0
447,3,499.25,486.75,42.25,10.0,1,6,0
447,4,987.0,491.0,23.0,12.0,1,4,0
448,3,511.75,502.25,44.25,11.75,1,6,0
448,4,1001.5,508.0,23.5,11.0,1,4,0
449,3,518.5,503.5,49.0,15.0,1,6,0
449,4,1015.5,512.5,17.5,12.0,1,4,0
450,3,526.5,504.75,49.0,15.75,1,6,0
450,4,1023.0,518.0,18.0,10.0,1,4,0
451,3,537.0,504.5,47.0,14.0,1,6,0
451,4,1034.0,517.5,20.0,12.0,1,4,0
452,3,552.0,498.0,40.0,13.0,1,6,0
452,4,1048.0,518.5,16.0,10.0,1,4,0
453,3,566.5,493.75,38.0,11.0,1,6,0
453,4,1057.0,511.75,16.0,10.75,1,4,0
454,3,590.5,488.5,26.0,14.5,1,6,0
454,4,1063.0,506.5,24.0,12.0,1,4,0
455,3,584.0,489.5,40.0,14.5,1,6,0
455,4,1078.0,503.25,18.0,11.75,1,4,0
456,3,591.0,498.0,41.0,14.0,1,6,0
456,4,1087.0,504.5,18.0,12.0,1,4,0
457,3,599.5,504.0,40.0,13.5,1,6,0
457,4,1092.0,511.25,24.0,12.25,1,4,0
458,3,608.0,512.0,48.0,15.0,1,6,0
458,4,1104.0,519.0,20.0,10.0,1,4,0
459,3,615.0,507.0,41.0,13.0,1,6,0
459,4,1119.0,511.25,18.0,11.75,1,4,0
460,3,622.0,508.5,42.0,12.0,1,6,0
460,4,1121.0,513.5,20.0,12.0,1,4,0
461,3,623.0,510.25,46.0,10.75,1,6,0
461,4,1127.0,513.5,18.0,11.0,1,4,0
462,3,627.0,509.0,45.0,12.0,1,6,0
462,4,1128.0,511.25,18.0,11.75,1,4,0
463,3,622.5,503.25,50.0,14.75,1,6,0
463,4,1133.0,516.5,16.0,11.0,1,4,0
464,3,624.5,505.75,48.0,12.75,1,6,0
464,4,1135.0,513.0,22.0,14.0,1,4,0
465,3,627.0,505.75,46.0,11.75,1,6,0
465,4,1132.0,516.0,20.0,11.0,1,4,0
466,3,623.0,501.75,46.0,10.0,1,6,0
466,4,1132.0,516.5,14.0,11.0,1,4,0
467,3,618.0,494.75,46.0,10.0,1,6,0
467,4,1127.0,511.5,20.0,12.0,1,4,0
468,3,619.0,490.25,46.0,12.5,1,6,0
468,4,1129.0,510.75,16.0,10.75,1,4,0
469,3,615.5,495.5,44.0,11.0,1,6,0
469,4,1127.0,516.0,18.0,11.0,1,4,0
470,3,615.0,502.5,41.0,10.0,1,6,0
470,4,1127.0,518.5,16.0,10.0,1,4,0
471,3,614.0,503.75,42.0,13.25,1,6,0
471,4,1119.0,519.0,18.0,13.0,1,4,0
472,3,606.5,504.25,47.0,15.25,1,6,0
472,4,1119.0,521.0,18.0,12.0,1,4,0
473,3,599.5,479.5,46.0,10.5,1,6,0
473,4,1114.0,494.5,16.0,10.0,1,4,0
474,3,595.5,478.0,44.0,11.0,1,6,0
474,4,1110.0,487.0,18.0,14.0,1,4,0
475,3,591.0,480.0,48.0,15.5,1,6,0
475,4,1104.0,485.0,22.0,11.5,1,4,0
476,3,582.5,480.75,47.0,14.0,1,6,0
476,4,1098.0,482.0,20.0,13.5,1,4,0
477,3,575.0,502.5,41.0,9.5,1,6,0
477,4,1087.0,504.25,18.0,12.25,1,4,0
478,3,560.0,502.25,48.0,10.75,1,6,0
478,4,1080.0,504.75,18.0,12.75,1,4,0
479,3,550.5,496.75,49.0,15.75,1,6,0
479,4,1072.0,506.0,22.0,12.0,1,4,0
480,3,544.5,497.25,48.0,14.5,1,6,0
480,4,1067.0,510.0,14.0,10.0,1,4,0
481,3,539.5,494.75,45.0,15.5,1,6,0
481,4,1058.0,512.0,16.0,11.0,1,4,0
482,3,538.0,502.75,37.0,9.75,1,6,0
482,4,1051.0,515.0,22.0,12.0,1,4,0
483,3,525.5,503.5,44.0,14.0,1,6,0
483,4,1047.0,519.0,20.0,11.0,1,4,0
484,3,520.0,506.0,45.0,13.0,1,6,0
484,4,1042.0,519.5,22.0,12.0,1,4,0
485,3,510.75,514.5,49.25,13.0,1,6,0
485,4,1041.0,520.0,22.0,12.0,1,4,0
486,3,507.25,514.0,51.75,13.0,1,6,0
486,4,1039.0,519.5,18.0,11.0,1,4,0
487,3,502.75,518.5,47.75,10.0,1,6,0
487,4,1032.0,518.5,22.0,11.0,1,4,0
488,3,495.5,519.0,48.0,13.0,1,6,0
488,4,1025.0,519.0,16.0,10.0,1,4,0
489,3,483.0,519.0,50.5,13.0,1,6,0
489,4,1015.0,517.5,18.0,11.0,1,4,0
490,3,472.75,521.0,47.25,13.0,1,6,0
490,4,1007.0,519.0,18.0,10.0,1,4,0
491,3,453.5,550.0,50.5,10.0,1,6,0
491,4,991.5,557.5,16.0,11.0,1,4,0
492,3,447.0,544.0,46.0,15.0,1,6,0
492,4,981.5,555.5,19.0,12.0,1,4,0
493,3,431.5,540.0,48.5,12.0,1,6,0
493,4,967.5,551.0,19.0,12.0,1,4,0
494,3,423.25,531.5,45.5,12.0,1,6,0
494,4,959.5,544.0,16.0,13.0,1,4,0
495,3,410.0,521.0,46.0,12.0,1,6,0
495,4,950.0,535.0,18.0,14.0,1,4,0
496,3,401.25,508.75,46.5,10.75,1,6,0
496,4,940.0,522.0,20.0,13.0,1,4,0
497,3,393.0,502.5,47.5,10.0,1,6,0
497,4,935.0,517.0,15.0,11.0,1,4,0
498,3,388.0,502.25,44.0,10.75,1,6,0
498,4,926.0,511.5,17.0,14.0,1,4,0
499,3,382.0,510.5,45.0,10.0,1,6,0
499,4,918.5,514.5,18.0,11.0,1,4,0
500,3,376.0,511.5,40.0,14.0,1,6,0
500,4,918.5,516.0,15.0,11.0,1,4,0
501,3,391.75,514.5,25.0,13.0,1,6,0
501,4,911.5,517.0,17.0,11.0,1,4,0
502,3,369.5,519.0,44.5,14.0,1,6,0
502,4,911.0,517.0,17.0,11.0,1,4,0
503,3,369.75,515.5,36.5,12.0,1,6,0
503,4,901.5,513.0,19.0,13.0,1,4,0
504,3,366.75,514.0,37.0,14.0,1,6,0
504,4,903.5,510.75,16.0,12.75,1,4,0
505,3,367.5,520.0,32.0,12.0,1,6,0
505,4,898.5,514.5,20.0,13.0,1,4,0
506,3,351.5,504.75,47.5,15.25,1,6,0
506,4,903.5,513.5,15.0,12.0,1,4,0
507,3,360.5,503.75,39.0,13.75,1,6,0
507,4,901.5,511.75,14.0,12.25,1,4,0
508,3,351.0,497.5,48.5,15.0,1,6,0
508,4,903.0,511.75,16.0,11.75,1,4,0
509,3,351.25,496.75,47.5,15.0,1,6,0
509,4,902.5,513.0,17.0,13.0,1,4,0
510,3,351.0,509.0,50.0,11.0,1,6,0
510,4,903.5,519.0,17.0,13.0,1,4,0
511,3,351.5,502.0,48.5,10.5,1,6,0
511,4,906.0,516.0,16.0,11.0,1,4,0
512,3,354.75,511.75,45.5,13.25,1,6,0
512,4,909.0,522.0,19.0,13.0,1,4,0
513,3,359.5,527.5,48.5,13.0,1,6,0
513,4,914.5,533.0,16.0,11.0,1,4,0
514,3,360.25,534.5,47.5,10.0,1,6,0
514,4,919.5,535.0,17.0,10.0,1,4,0
515,3,367.0,508.0,47.5,11.0,1,6,0
515,4,925.0,503.0,18.0,11.5,1,4,0
516,3,368.0,507.0,48.0,12.0,1,6,0
516,4,927.0,503.75,17.0,11.75,1,4,0
517,3,369.25,505.25,54.0,14.25,1,6,0
517,4,929.5,505.25,22.0,11.75,1,4,0
518,3,375.75,504.25,49.5,14.75,1,6,0
518,4,935.5,504.0,18.0,11.5,1,4,0
519,3,376.0,496.5,48.0,14.0,1,6,0
519,4,942.5,502.25,16.0,10.75,1,4,0
520,3,383.25,490.75,47.0,13.5,1,6,0
520,4,942.0,498.25,19.0,12.5,1,4,0
521,3,384.75,486.25,47.0,13.5,1,6,0
521,4,943.5,495.75,22.0,12.5,1,4,0
522,3,390.5,479.75,48.5,15.0,1,6,0
522,4,953.0,495.5,17.0,11.0,1,4,0
523,3,394.25,478.5,46.0,13.0,1,6,0
523,4,958.5,493.25,18.0,11.0,1,4,0
524,3,399.0,496.5,49.0,12.5,1,6,0
524,4,968.0,507.25,17.0,11.75,1,4,0
525,3,406.75,497.0,49.0,13.5,1,6,0
525,4,974.5,507.25,17.0,12.25,1,4,0
526,3,415.0,498.5,47.5,12.5,1,6,0
526,4,983.0,506.5,17.0,12.0,1,4,0
527,3,423.5,502.0,42.5,10.5,1,6,0
527,4,991.0,503.75,17.0,12.75,1,4,0
528,3,431.0,504.0,41.0,12.5,1,6,0
528,4,997.5,503.25,16.0,10.25,1,4,0
529,3,432.0,499.25,42.0,12.5,1,6,0
529,4,999.0,500.25,19.0,11.75,1,4,0
530,3,437.5,527.0,42.5,12.0,1,6,0
530,4,1007.5,526.0,16.0,12.0,1,4,0
531,3,440.75,530.5,45.5,13.0,1,6,0
531,4,1009.0,534.5,16.0,14.0,1,4,0
532,3,438.5,520.0,49.5,16.0,1,6,0
533,3,447.25,514.5,48.0,14.0,1,6,0
533,4,1022.5,530.0,16.5,14.0,1,4,0
534,3,461.25,511.0,40.5,12.0,1,6,0
535,3,475.0,512.5,36.0,12.0,1,6,0
536,3,472.25,496.5,45.25,13.0,1,6,0
537,3,476.5,496.25,50.5,15.5,1,6,0
538,3,481.75,502.5,46.75,12.5,1,6,0
539,3,486.75,502.5,49.75,15.0,1,6,0
540,3,487.25,507.0,55.75,13.0,1,6,0
541,3,495.0,509.5,51.0,12.0,1,6,0
542,3,495.5,516.5,48.0,11.0,1,6,0
543,3,494.75,510.75,49.25,13.25,1,6,0
544,3,494.75,505.0,49.25,13.5,1,6,0
544,4,1080.0,513.0,16.0,13.0,1,4,0
545,3,495.25,487.25,49.75,12.5,1,6,0
545,4,1079.0,494.75,18.0,13.0,1,4,0
546,3,495.0,486.75,49.0,13.0,1,6,0
546,4,1081.0,496.75,16.0,11.5,1,4,0
547,3,491.75,483.75,47.25,12.5,1,6,0
547,4,1080.0,495.5,16.0,12.0,1,4,0
548,3,486.5,480.5,50.5,14.0,1,6,0
548,4,1079.0,492.25,16.0,12.5,1,4,0
549,3,485.25,479.5,47.25,13.0,1,6,0
549,4,1072.0,493.0,18.0,11.5,1,4,0
550,3,479.75,478.75,48.75,14.5,1,6,0
550,4,1070.0,494.5,16.0,11.5,1,4,0
551,3,471.5,479.25,49.5,15.5,1,6,0
551,4,1063.0,496.0,18.0,11.5,1,4,0
552,3,465.0,478.75,48.0,15.5,1,6,0
552,4,1056.0,498.25,18.0,12.0,1,4,0
553,3,454.25,482.5,50.0,13.5,1,6,0
553,4,1052.0,499.25,16.0,12.0,1,4,0
554,3,449.25,482.75,48.5,13.5,1,6,0
554,4,1047.0,499.75,18.0,11.5,1,4,0
555,3,444.25,479.5,50.0,16.5,1,6,0
555,4,1041.0,501.0,16.0,11.0,1,4,0
556,3,438.5,488.0,49.0,15.0,1,6,0
556,4,1039.0,501.75,16.0,11.75,1,4,0
557,3,430.75,496.0,49.5,13.5,1,6,0
557,4,1032.0,509.75,16.0,10.25,1,4,0
558,3,423.75,505.0,54.0,14.0,1,6,0
558,4,1028.0,515.0,20.0,12.0,1,4,0
559,3,423.5,516.5,47.5,12.0,1,6,0
559,4,1022.5,520.5,19.5,13.0,1,4,0
560,3,417.0,527.0,52.0,15.0,1,6,0
560,4,1021.0,527.5,18.0,12.0,1,4,0
561,3,415.0,531.0,49.0,13.0,1,6,0
561,4,1022.5,529.5,18.5,11.0,1,4,0
562,3,408.0,521.0,53.0,15.0,1,6,0
562,4,1011.5,522.5,21.5,12.0,1,4,0
563,3,406.75,502.75,49.5,16.25,1,6,0
563,4,1015.5,502.75,14.5,10.25,1,4,0
564,3,399.0,491.5,48.5,12.5,1,6,0
564,4,1005.5,494.75,19.5,13.5,1,4,0
565,3,393.25,481.25,52.5,15.0,1,6,0
565,4,1006.0,492.0,14.0,11.5,1,4,0
566,3,391.5,480.25,48.5,12.5,1,6,0
566,4,999.5,489.5,18.0,13.5,1,4,0
567,3,383.25,475.75,48.5,13.0,1,6,0
567,4,992.0,491.75,19.0,12.0,1,4,0
568,3,374.5,488.75,57.0,15.5,1,6,0
568,4,990.5,511.5,16.0,11.0,1,4,0
569,3,374.5,495.0,49.5,14.0,1,6,0
569,4,985.0,512.0,18.0,12.0,1,4,0
570,3,375.25,496.0,47.5,12.5,1,6,0
570,4,983.5,513.5,18.0,12.0,1,4,0
571,3,367.75,502.25,48.0,11.75,1,6,0
571,4,984.5,512.5,18.0,12.0,1,4,0
572,3,367.0,499.5,49.0,12.5,1,6,0
572,4,984.0,504.25,17.0,14.25,1,4,0
573,3,388.75,495.75,27.0,10.5,1,6,0
573,4,982.0,496.5,18.0,14.0,1,4,0
574,3,364.75,489.25,50.5,13.5,1,6,0
575,3,357.75,519.0,55.5,15.0,1,6,0
576,3,357.0,535.5,51.0,16.0,1,6,0
577,3,350.75,547.5,50.5,13.0,1,6,0
578,3,344.75,552.0,53.0,16.0,1,6,0
579,3,335.25,533.5,53.5,11.0,1,6,0
580,3,335.25,542.5,49.0,13.0,1,6,0
581,3,325.5,541.0,50.0,12.0,1,6,0
581,4,953.0,549.0,16.0,12.0,1,4,0
582,3,322.25,509.25,52.5,11.25,1,6,0
582,4,950.5,517.5,17.0,11.0,1,4,0
583,3,320.0,495.25,48.0,14.5,1,6,0
583,4,942.5,505.5,18.0,13.0,1,4,0
584,3,311.0,483.5,48.5,12.5,1,6,0
584,4,930.5,499.75,22.0,11.5,1,4,0
585,3,303.25,478.75,52.0,13.0,1,6,0
585,4,934.5,495.0,15.0,11.0,1,4,0
586,3,299.25,480.0,52.0,12.5,1,6,0
586,4,927.5,493.25,18.0,11.0,1,4,0
587,3,288.75,482.0,55.5,14.0,1,6,0
587,4,926.5,492.75,17.0,11.0,1,4,0
588,3,285.5,504.5,58.0,14.5,1,6,0
588,4,920.0,511.0,17.0,11.0,1,4,0
589,3,278.25,502.25,58.0,15.75,1,6,0
589,4,911.5,510.0,19.0,11.0,1,4,0
590,3,265.5,501.75,60.0,13.25,1,6,0
590,4,907.0,510.75,16.0,10.75,1,4,0
591,3,263.25,503.25,56.5,16.25,1,6,0
591,4,903.0,511.25,16.0,11.25,1,4,0
592,3,259.75,512.5,52.5,14.0,1,6,0
592,4,896.5,516.5,17.0,11.0,1,4,0
593,3,257.25,520.0,55.0,15.0,1,6,0
593,4,896.5,519.5,16.0,12.0,1,4,0
594,3,255.25,527.0,56.0,15.0,1,6,0
594,4,895.0,520.5,18.0,13.0,1,4,0
594,15,975.5,518.0,9.0,11.0,1,3,0
595,3,248.12,526.5,55.88,15.0,1,6,0
595,4,895.0,521.5,17.0,12.0,1,4,0
595,15,975.0,518.5,10.0,10.0,1,3,0
596,3,254.25,527.0,49.5,15.0,1,6,0
596,4,895.5,519.0,14.0,11.0,1,4,0
597,3,246.12,503.25,57.12,16.75,1,6,0
597,4,895.0,511.0,15.0,11.0,1,4,0
598,3,247.75,501.0,55.5,11.5,1,6,0
598,4,895.0,503.0,16.0,11.0,1,4,0
599,3,248.38,494.0,56.12,13.0,1,6,0
599,4,895.5,496.25,17.0,13.5,1,4,0
