1,1,655.5,514.0,98.0,168.0,1,1,0
1,2,1573.0,589.5,134.0,187.0,1,1,0
1,3,1072.0,698.0,210.0,76.0,1,5,0
1,4,1096.0,550.5,56.0,97.0,1,1,0
1,5,0.0,629.5,67.62,32.0,1,7,0
2,1,672.0,549.0,105.0,166.0,1,1,0
2,2,1611.0,624.5,138.0,190.0,1,1,0
2,3,1109.0,736.5,214.0,76.0,1,5,0
2,4,1124.0,591.5,60.0,92.0,1,1,0
2,5,13.78,655.5,95.84,34.0,1,7,0
3,1,666.0,516.0,112.0,172.0,1,1,0
3,2,1624.0,594.5,146.0,186.0,1,1,0
3,3,1127.0,703.5,220.0,77.0,1,5,0
3,4,1122.0,557.0,64.0,93.0,1,1,0
3,5,24.67,638.5,53.52,27.0,1,7,0
4,1,649.0,532.5,110.0,165.0,1,1,0
4,2,1626.0,604.5,148.0,191.0,1,1,0
4,3,1135.0,717.0,224.0,78.0,1,5,0
4,4,1119.0,567.0,50.0,98.0,1,1,0
4,5,26.28,644.5,98.22,31.0,1,7,0
5,1,615.5,522.0,114.0,164.0,1,1,0
5,2,1618.0,609.5,150.0,177.0,1,1,0
5,3,1135.0,709.0,224.0,77.0,1,5,0
5,4,1098.0,557.0,56.0,97.0,1,1,0
5,5,11.66,632.0,100.09,32.0,1,7,0
6,1,618.5,506.25,116.0,165.75,1,1,0
6,2,1644.0,615.0,148.0,159.0,1,1,0
6,3,1176.0,690.5,222.0,81.0,1,5,0
6,4,1108.0,544.0,72.0,95.0,1,1,0
6,5,30.69,622.5,55.12,26.0,1,7,0
7,1,652.0,528.5,113.0,165.0,1,1,0
7,2,1698.0,613.5,116.0,185.0,1,1,0
7,3,1240.0,718.0,226.0,82.0,1,5,0
7,4,1152.0,568.0,60.0,96.0,1,1,0
7,5,81.62,641.0,70.0,30.0,1,7,0
7,7,135.12,639.5,51.5,27.0,1,7,0
8,1,678.0,516.5,116.0,164.0,1,1,0
8,2,1751.0,595.5,130.0,195.0,1,1,0
8,3,1302.0,706.0,226.0,81.0,1,5,0
8,4,1190.0,552.0,60.0,99.0,1,1,0
8,5,175.0,626.5,56.5,29.0,1,7,0
8,7,129.5,630.0,59.25,27.0,1,7,0
9,1,692.5,510.75,110.0,162.75,1,1,0
9,2,1784.0,581.0,124.0,200.0,1,1,0
9,3,1351.0,695.5,226.0,87.0,1,5,0
9,4,1221.0,547.5,52.0,95.0,1,1,0
9,5,207.25,616.0,54.75,33.0,1,7,0
9,7,160.25,623.5,55.25,28.0,1,7,0
10,1,671.0,525.5,109.0,164.0,1,1,0
10,2,1788.0,604.0,110.0,196.0,1,1,0
10,3,1356.0,714.5,226.0,84.0,1,5,0
10,4,1199.0,573.0,76.0,89.0,1,1,0
10,5,201.5,638.0,53.0,28.0,1,7,0
10,7,143.38,641.5,63.0,29.0,1,7,0
11,1,661.0,534.0,104.0,165.0,1,1,0
11,2,1796.0,612.0,110.0,205.0,1,1,0
11,3,1378.0,728.0,224.0,85.0,1,5,0
11,4,1191.0,581.0,76.0,93.0,1,1,0
11,5,205.75,645.0,50.5,28.0,1,7,0
11,7,153.88,648.5,54.25,27.0,1,7,0
12,1,660.0,510.75,106.0,163.75,1,1,0
12,2,1812.0,582.5,108.0,205.0,1,1,0
12,3,1405.0,701.0,224.0,87.0,1,5,0
12,4,1200.0,545.5,64.0,101.0,1,1,0
12,5,211.12,620.5,57.88,32.0,1,7,0
12,7,170.12,621.0,50.0,34.0,1,7,0
13,1,660.0,518.5,107.0,163.0,1,1,0
13,2,1832.0,594.0,88.0,204.0,1,1,0
13,3,1432.0,709.0,226.0,85.0,1,5,0
13,4,1207.0,559.0,58.0,95.0,1,1,0
13,5,234.75,629.0,46.5,28.0,1,7,0
13,7,183.5,624.0,61.75,36.0,1,7,0
14,1,630.0,534.0,110.0,163.0,1,1,0
14,2,1827.0,651.0,93.0,174.0,1,1,0
14,3,1435.0,731.5,226.0,88.0,1,5,0
14,4,1195.0,597.0,64.0,80.0,1,1,0
14,5,169.25,646.0,43.5,27.0,1,7,0
14,7,210.25,643.5,58.25,28.0,1,7,0
15,1,613.5,494.0,105.0,163.0,1,1,0
15,2,1831.0,620.5,89.0,151.0,1,1,0
15,3,1443.0,680.5,228.0,88.0,1,5,0
15,4,1184.0,537.5,66.0,91.0,1,1,0
15,5,168.25,613.5,41.5,28.0,1,7,0
15,7,207.5,608.5,56.25,29.0,1,7,0
16,1,628.5,526.0,95.0,161.0,1,1,0
16,2,1854.0,544.5,66.0,275.0,1,1,0
16,3,1475.0,722.0,230.0,86.0,1,5,0
16,4,1199.0,566.5,64.0,98.0,1,1,0
16,5,184.5,638.5,44.75,27.0,1,7,0
16,7,225.88,633.0,61.12,30.0,1,7,0
17,1,619.5,536.0,95.0,156.0,1,1,0
17,2,1868.0,545.5,52.0,270.0,1,1,0
17,3,1493.0,721.5,232.0,89.0,1,5,0
17,4,1200.0,569.5,66.0,96.0,1,1,0
17,5,191.0,645.5,41.5,28.0,1,7,0
17,7,227.62,642.0,60.63,29.0,1,7,0
17,8,0.16,543.5,34.0,139.0,1,1,0
18,1,614.5,501.5,93.0,164.0,1,1,0
18,2,1878.0,544.5,42.0,248.0,1,1,0
18,3,1512.0,695.0,232.0,91.0,1,5,0
18,4,1199.0,544.0,68.0,95.0,1,1,0
18,5,193.0,622.0,45.25,27.0,1,7,0
18,7,236.25,617.0,59.5,29.0,1,7,0
18,8,0.03,510.25,40.94,145.75,1,1,0
19,1,614.0,540.0,85.0,159.0,1,1,0
19,2,1893.0,580.5,27.0,263.0,1,1,0
19,3,1527.0,744.5,232.0,85.0,1,5,0
19,4,1203.0,591.0,70.0,90.0,1,1,0
19,5,193.62,650.5,49.0,28.0,1,7,0
19,7,241.5,648.5,62.0,28.0,1,7,0
19,8,0.11,540.5,41.58,142.0,1,1,0
20,1,617.0,517.0,79.0,163.0,1,1,0
20,3,1548.0,710.0,232.0,85.0,1,5,0
20,4,1204.0,575.0,78.0,78.0,1,1,0
20,5,200.88,639.0,48.5,26.0,1,7,0
20,7,251.38,632.5,63.88,30.0,1,7,0
20,8,0.0,526.0,57.37,143.0,1,1,0
21,1,606.0,517.5,70.0,158.0,1,1,0
21,3,1556.0,711.5,234.0,85.0,1,5,0
21,4,1198.0,574.0,76.0,80.0,1,1,0
21,5,200.75,632.5,41.75,28.0,1,7,0
21,7,243.62,629.5,68.88,28.0,1,7,0
21,8,0.0,518.5,65.5,145.0,1,1,0
22,1,613.5,526.5,67.0,160.0,1,1,0
22,3,1579.0,732.0,236.0,86.0,1,5,0
22,4,1207.0,590.5,74.0,76.0,1,1,0
22,5,209.88,638.0,47.88,26.0,1,7,0
22,7,251.75,634.5,77.0,29.0,1,7,0
22,8,0.44,517.0,98.56,152.0,1,1,0
23,1,610.5,543.0,64.0,157.0,1,1,0
23,3,1592.0,734.0,236.0,86.0,1,5,0
23,4,1206.0,591.5,64.0,86.0,1,1,0
23,5,212.5,656.5,49.0,28.0,1,7,0
23,7,257.5,654.0,71.0,29.0,1,7,0
23,8,7.75,541.0,110.81,151.0,1,1,0
24,1,604.5,518.0,61.0,153.0,1,1,0
24,3,1603.0,713.5,236.0,86.0,1,5,0
24,4,1199.0,570.5,62.0,81.0,1,1,0
24,7,215.0,625.5,112.0,31.0,1,7,0
24,8,21.81,509.25,114.44,152.75,1,1,0
25,1,607.0,526.5,64.0,154.0,1,1,0
25,3,1625.0,727.0,240.0,87.0,1,5,0
25,4,1205.0,570.5,62.0,93.0,1,1,0
25,7,227.5,636.0,117.0,29.0,1,7,0
25,8,39.91,517.5,123.59,154.0,1,1,0
25,5,224.12,637.5,53.38,27.0,1,7,0
26,1,609.5,526.5,50.0,157.0,1,1,0
26,3,1631.0,722.5,242.0,89.0,1,5,0
26,4,1198.0,585.5,78.0,79.0,1,1,0
26,7,247.75,637.5,93.0,31.0,1,7,0
26,8,48.0,527.0,129.25,151.0,1,1,0
26,5,221.75,639.5,37.25,31.0,1,7,0
27,1,614.0,520.0,51.0,151.0,1,1,0
27,3,1651.0,713.0,238.0,87.0,1,5,0
27,4,1200.0,574.0,82.0,77.0,1,1,0
27,7,265.25,627.0,80.0,30.0,1,7,0
27,8,68.81,515.5,133.94,150.0,1,1,0
27,5,223.0,631.0,51.5,27.0,1,7,0
28,1,607.0,534.5,57.0,153.0,1,1,0
28,3,1658.0,733.5,238.0,87.0,1,5,0
28,4,1198.0,569.5,68.0,103.0,1,1,0
28,7,224.12,644.5,120.88,30.0,1,7,0
28,8,77.94,531.5,143.06,151.0,1,1,0
28,5,221.75,647.0,49.75,27.0,1,7,0
29,1,586.5,528.5,60.0,153.0,1,1,0
29,3,1647.0,727.5,240.0,90.0,1,5,0
29,4,1185.0,567.0,58.0,100.0,1,1,0
29,7,190.0,637.5,138.0,32.0,1,7,0
29,8,77.5,524.5,144.75,153.0,1,1,0
30,1,587.5,494.25,60.0,152.25,1,1,0
30,3,1665.0,695.0,238.0,86.0,1,5,0
30,4,1183.0,531.0,60.0,102.0,1,1,0
30,7,235.75,605.0,97.5,30.0,1,7,0
30,8,88.56,493.0,146.44,150.0,1,1,0
30,5,207.25,605.5,43.0,29.0,1,7,0
31,1,585.0,543.5,70.0,155.0,1,1,0
31,3,1684.0,743.5,236.0,87.0,1,5,0
31,4,1190.0,583.0,64.0,99.0,1,1,0
31,7,221.38,655.5,118.62,31.0,1,7,0
31,8,143.5,544.5,94.75,147.0,1,1,0
32,1,569.5,524.0,74.0,146.0,1,1,0
32,3,1688.0,721.5,232.0,90.0,1,5,0
32,4,1174.0,562.5,76.0,98.0,1,1,0
32,7,230.38,633.0,106.62,30.0,1,7,0
32,8,121.31,524.0,132.94,147.0,1,1,0
33,1,542.5,519.5,84.0,152.0,1,1,0
33,3,1685.0,719.0,234.0,89.0,1,5,0
33,4,1182.0,557.5,52.0,101.0,1,1,0
33,7,229.25,630.5,101.5,31.0,1,7,0
33,8,171.0,516.5,102.0,147.0,1,1,0
33,9,120.62,624.0,126.25,47.0,1,1,0
34,1,525.0,551.5,93.0,153.0,1,1,0
34,3,1697.0,758.5,222.0,87.0,1,5,0
34,4,1186.0,597.0,48.0,99.0,1,1,0
34,7,233.62,666.0,101.88,30.0,1,7,0
34,8,183.75,553.5,106.5,143.0,1,1,0
34,9,137.5,658.5,142.0,46.0,1,1,0
35,1,517.5,525.0,100.0,151.0,1,1,0
35,3,1728.0,723.5,192.0,86.0,1,5,0
35,4,1197.0,558.0,46.0,105.0,1,1,0
35,7,254.25,635.0,97.5,30.0,1,7,0
35,8,217.5,527.5,94.0,136.0,1,1,0
35,9,161.38,622.0,120.88,54.0,1,1,0
36,1,494.0,510.5,113.0,151.0,1,1,0
36,3,1748.0,714.5,172.0,83.0,1,5,0
36,4,1171.0,554.0,68.0,94.0,1,1,0
36,7,268.25,621.5,84.0,32.0,1,7,0
36,8,221.75,512.5,106.5,141.0,1,1,0
36,9,174.25,612.0,111.75,51.0,1,1,0
37,1,474.5,517.0,115.0,152.0,1,1,0
37,3,1775.0,731.0,144.0,85.0,1,5,0
37,7,274.0,629.0,77.0,29.0,1,7,0
37,8,231.5,515.0,108.0,143.0,1,1,0
37,9,187.25,617.5,97.75,49.0,1,1,0
38,1,448.25,524.0,121.25,149.0,1,1,0
38,3,1800.0,718.5,120.0,89.0,1,5,0
38,7,269.0,638.5,74.5,28.0,1,7,0
38,8,217.5,525.5,122.5,146.0,1,1,0
38,4,1190.0,575.0,36.0,86.0,1,1,0
38,5,179.5,638.5,64.0,34.0,1,7,0
39,1,420.25,512.5,116.75,149.0,1,1,0
39,3,1825.0,702.0,95.0,105.0,1,5,0
39,7,255.62,626.5,80.38,30.0,1,7,0
39,8,220.75,509.5,113.0,149.0,1,1,0
39,4,1181.0,557.0,34.0,97.0,1,1,0
39,5,165.0,625.5,76.75,32.0,1,7,0
40,1,389.25,528.0,114.5,150.0,1,1,0
40,3,1844.0,729.5,76.0,96.0,1,5,0
40,7,153.0,629.0,164.5,43.0,1,7,0
40,8,197.62,524.5,93.88,143.0,1,1,0
40,4,1143.0,572.0,64.0,99.0,1,1,0
40,5,146.25,638.0,85.75,32.0,1,7,0
41,1,358.75,509.75,116.0,148.25,1,1,0
41,3,1868.0,716.0,52.0,88.0,1,5,0
41,7,184.75,607.5,117.5,44.0,1,7,0
41,8,187.62,509.25,73.38,138.75,1,1,0
41,4,1148.0,555.0,54.0,93.0,1,1,0
41,5,135.38,622.0,73.5,29.0,1,7,0
42,1,340.75,518.0,115.0,146.0,1,1,0
42,3,1886.0,725.0,34.0,90.0,1,5,0
42,7,181.75,621.0,111.0,40.0,1,7,0
42,8,181.38,517.0,68.25,142.0,1,1,0
42,4,1142.0,566.0,52.0,92.0,1,1,0
42,5,128.12,630.0,74.75,29.0,1,7,0
43,1,309.0,527.0,109.5,148.0,1,1,0
43,3,1894.0,727.0,26.0,87.0,1,5,0
43,7,226.88,637.5,50.38,28.0,1,7,0
43,8,162.12,526.5,78.25,143.0,1,1,0
43,4,1120.0,579.5,56.0,83.0,1,1,0
43,5,111.81,638.5,116.94,33.0,1,7,0
44,1,285.75,525.0,107.0,153.0,1,1,0
44,3,1902.0,748.5,18.0,77.0,1,5,0
44,7,149.12,633.5,110.38,41.0,1,7,0
44,8,161.12,528.0,78.25,143.0,1,1,0
44,4,1099.0,593.5,66.0,79.0,1,1,0
44,5,103.31,639.5,65.44,30.0,1,7,0
45,1,259.75,506.25,101.5,154.75,1,1,0
45,8,147.0,513.0,97.5,144.0,1,1,0
45,4,1088.0,566.5,64.0,84.0,1,1,0
45,5,88.19,626.0,77.81,29.0,1,7,0
46,1,230.75,519.5,99.5,148.0,1,1,0
46,8,145.5,520.5,93.75,145.0,1,1,0
46,4,1076.0,580.5,62.0,78.0,1,1,0
46,5,73.5,632.5,88.0,30.0,1,7,0
47,1,224.25,528.0,83.0,144.0,1,1,0
47,8,147.62,527.5,93.25,145.0,1,1,0
47,4,1063.0,588.0,64.0,79.0,1,1,0
47,5,63.31,637.5,99.19,31.0,1,7,0
48,8,136.0,507.5,147.0,147.0,1,1,0
48,4,1048.0,574.0,64.0,76.0,1,1,0
48,5,54.03,621.0,94.72,28.0,1,7,0
49,8,130.5,543.5,126.25,150.0,1,1,0
49,4,1041.0,598.0,54.0,82.0,1,1,0
49,7,39.88,655.5,110.0,33.0,1,7,0
50,4,1032.0,575.0,48.0,82.0,1,1,0
50,12,1860.0,510.0,60.0,188.0,1,1,0
50,1,129.75,512.0,113.0,150.0,1,1,0
50,5,25.25,622.0,118.0,34.0,1,7,0
51,4,1015.5,573.0,49.5,84.0,1,1,0
51,12,1836.0,653.5,82.0,45.0,1,1,0
51,1,96.25,516.0,86.0,140.0,1,1,0
51,5,19.97,630.0,77.28,28.0,1,7,0
51,8,131.88,515.5,107.25,149.0,1,1,0
52,4,1012.5,576.0,36.5,85.0,1,1,0
52,1,66.25,514.0,108.5,146.0,1,1,0
52,5,12.16,629.0,67.97,28.0,1,7,0
52,8,144.88,518.0,98.75,144.0,1,1,0
53,4,1005.5,585.5,36.5,85.0,1,1,0
53,1,52.75,530.0,105.62,146.0,1,1,0
53,5,4.75,645.0,72.0,28.0,1,7,0
53,8,147.25,533.5,96.0,144.0,1,1,0
53,12,1776.0,658.5,90.0,51.0,1,1,0
54,4,988.0,572.0,37.0,93.0,1,1,0
54,1,23.22,522.0,104.53,147.0,1,1,0
54,5,0.0,637.5,46.44,29.0,1,7,0
54,8,118.75,525.5,124.5,147.0,1,1,0
54,12,1741.0,653.0,86.0,52.0,1,1,0
55,4,979.5,564.5,31.0,98.0,1,1,0
55,1,0.47,517.0,105.16,142.0,1,1,0
55,5,96.88,628.0,48.25,29.0,1,7,0
55,8,125.94,517.5,117.56,147.0,1,1,0
55,12,1711.0,656.0,82.0,49.0,1,1,0
56,4,971.0,573.5,28.0,85.0,1,1,0
56,1,0.0,522.0,89.81,144.0,1,1,0
56,5,79.5,632.5,54.5,30.0,1,7,0
56,8,126.0,524.0,119.0,146.0,1,1,0
56,12,1673.0,651.0,82.0,47.0,1,1,0
57,4,965.5,572.0,29.0,92.0,1,1,0
57,1,0.14,539.5,54.48,125.0,1,1,0
57,5,48.66,632.5,81.84,30.0,1,7,0
57,8,135.12,525.0,116.25,144.0,1,1,0
57,12,1628.0,547.5,94.0,158.0,1,1,0
58,4,954.5,572.5,29.0,90.0,1,1,0
58,1,0.38,513.0,31.74,148.0,1,1,0
58,5,37.44,629.5,90.56,31.0,1,7,0
58,8,136.0,520.0,121.5,147.0,1,1,0
58,12,1585.0,528.0,96.0,169.0,1,1,0
59,4,948.0,580.5,32.0,91.0,1,1,0
59,1,0.0,547.5,23.78,115.0,1,1,0
59,5,21.22,637.0,104.28,30.0,1,7,0
59,8,152.38,530.5,109.62,144.0,1,1,0
59,12,1549.0,546.0,88.0,165.0,1,1,0
60,4,950.0,559.0,36.0,95.0,1,1,0
60,1,0.0,537.0,28.34,102.0,1,1,0
60,5,14.44,614.0,119.31,32.0,1,7,0
60,8,163.5,509.25,116.5,145.25,1,1,0
60,12,1528.0,529.5,80.0,164.0,1,1,0
61,4,943.0,588.0,32.0,86.0,1,1,0
61,5,7.75,648.0,119.38,31.0,1,7,0
61,8,165.5,535.0,108.25,149.0,1,1,0
62,4,944.5,581.0,35.0,83.0,1,1,0
62,5,4.88,627.0,125.25,30.0,1,7,0
62,8,177.0,517.0,113.5,148.0,1,1,0
62,13,1480.0,645.0,42.0,57.0,1,1,0
62,7,-0.0,629.5,40.38,26.0,1,7,0
63,4,941.0,546.0,38.0,109.0,1,1,0
63,5,1.69,622.0,128.56,31.0,1,7,0
63,8,189.25,511.5,109.25,150.0,1,1,0
63,13,1439.0,643.0,82.0,46.0,1,1,0
63,7,0.0,622.5,35.31,29.0,1,7,0
64,4,931.5,589.0,46.0,91.0,1,1,0
64,5,1.5,652.5,127.0,29.0,1,7,0
64,8,195.25,538.5,104.0,150.0,1,1,0
64,13,1428.0,651.0,46.0,61.0,1,1,0
65,4,932.0,573.0,47.0,89.0,1,1,0
65,8,205.25,511.5,103.0,152.0,1,1,0
65,13,1397.0,645.5,58.0,50.0,1,1,0
65,7,1.69,621.0,126.56,31.0,1,7,0
66,4,926.5,557.5,51.0,101.0,1,1,0
66,8,207.25,521.0,99.0,152.0,1,1,0
66,13,1358.0,623.0,78.0,59.0,1,1,0
66,7,1.09,636.5,125.91,30.0,1,7,0
67,4,918.5,582.0,52.0,102.0,1,1,0
67,8,213.5,539.0,94.0,150.0,1,1,0
67,13,1327.0,655.5,82.0,57.0,1,1,0
67,5,0.94,651.0,123.69,30.0,1,7,0
68,4,910.0,555.5,53.0,93.0,1,1,0
68,8,212.75,498.5,94.5,154.0,1,1,0
68,13,1290.0,630.5,92.0,49.0,1,1,0
68,7,0.75,612.5,119.0,30.0,1,7,0
69,4,917.5,569.0,51.0,97.0,1,1,0
69,8,223.5,526.5,84.0,149.0,1,1,0
69,13,1263.0,645.0,86.0,46.0,1,1,0
69,5,0.19,638.5,119.62,31.0,1,7,0
70,4,912.5,579.5,58.0,97.0,1,1,0
70,8,227.75,528.5,78.0,151.0,1,1,0
70,13,1231.0,661.5,90.0,43.0,1,1,0
70,5,0.69,639.5,116.75,30.0,1,7,0
71,4,911.0,552.5,52.0,101.0,1,1,0
71,8,238.5,509.0,67.0,146.0,1,1,0
71,13,1199.0,633.0,84.0,45.0,1,1,0
71,7,0.0,620.5,115.56,29.0,1,7,0
72,4,906.0,562.0,50.0,98.0,1,1,0
72,8,240.75,518.5,62.0,148.0,1,1,0
72,13,1171.0,639.5,72.0,46.0,1,1,0
72,5,0.22,630.0,111.66,29.0,1,7,0
73,4,912.0,572.5,51.0,92.0,1,1,0
73,8,247.25,518.5,63.5,149.0,1,1,0
73,13,1142.0,629.0,84.0,62.0,1,1,0
73,5,0.53,628.5,117.84,30.0,1,7,0
74,4,910.5,570.5,52.0,93.0,1,1,0
74,8,253.75,521.0,63.0,151.0,1,1,0
74,13,1119.0,629.0,64.0,57.0,1,1,0
74,5,0.78,632.5,119.84,31.0,1,7,0
75,4,908.0,573.5,53.0,91.0,1,1,0
75,8,253.25,520.0,67.0,150.0,1,1,0
75,5,0.19,632.0,116.5,31.0,1,7,0
76,4,912.5,572.0,58.0,95.0,1,1,0
76,8,261.5,520.0,70.0,149.0,1,1,0
76,5,0.44,630.0,123.88,31.0,1,7,0
76,13,1055.0,646.0,68.0,43.0,1,1,0
77,4,917.0,580.0,53.0,95.0,1,1,0
77,8,268.0,531.5,81.5,153.0,1,1,0
77,5,1.16,642.0,125.59,31.0,1,7,0
77,13,1025.0,648.5,72.0,46.0,1,1,0
78,4,918.5,575.5,55.0,93.0,1,1,0
78,8,268.0,521.0,80.0,155.0,1,1,0
78,5,0.38,631.0,128.25,33.0,1,7,0
78,13,990.5,637.5,78.5,52.0,1,1,0
79,4,921.5,574.5,55.0,95.0,1,1,0
79,8,263.5,520.0,82.0,153.0,1,1,0
79,5,0.78,630.5,127.72,32.0,1,7,0
79,13,968.0,646.0,64.0,43.0,1,1,0
80,4,940.5,590.0,52.0,85.0,1,1,0
80,8,274.25,534.0,79.5,153.0,1,1,0
80,5,0.62,646.0,143.5,31.0,1,7,0
80,13,940.0,654.5,78.0,41.0,1,1,0
81,4,943.0,573.5,50.0,91.0,1,1,0
81,8,265.25,520.5,76.0,151.0,1,1,0
81,5,0.81,630.0,141.69,33.0,1,7,0
81,13,904.0,621.0,79.0,62.0,1,1,0
82,4,950.0,574.0,53.0,91.0,1,1,0
82,8,268.75,518.0,80.5,153.0,1,1,0
82,5,8.56,628.0,147.69,32.0,1,7,0
82,13,886.5,629.0,74.0,52.0,1,1,0
82,7,0.44,630.5,36.62,27.0,1,7,0
83,4,958.0,568.0,51.0,93.0,1,1,0
83,8,267.5,521.0,83.0,153.0,1,1,0
83,5,1.12,632.0,158.75,34.0,1,7,0
83,13,858.5,632.0,79.0,46.0,1,1,0
84,4,966.5,573.5,53.0,94.0,1,1,0
84,8,268.25,519.0,88.5,154.0,1,1,0
84,5,1.56,629.0,170.44,33.0,1,7,0
84,13,833.5,643.0,74.0,40.0,1,1,0
85,4,978.0,570.5,50.0,92.0,1,1,0
85,8,260.75,510.75,95.5,155.25,1,1,0
85,5,7.44,622.5,174.06,33.0,1,7,0
86,4,998.5,563.0,44.5,101.0,1,1,0
86,8,269.25,525.0,94.0,153.0,1,1,0
86,5,24.81,636.0,174.94,32.0,1,7,0
86,13,801.0,629.0,72.0,50.0,1,1,0
87,4,1004.5,559.5,43.5,103.0,1,1,0
87,8,270.0,509.25,99.0,155.75,1,1,0
87,5,33.19,620.0,174.31,32.0,1,7,0
87,13,790.0,626.5,56.0,47.0,1,1,0
88,4,1029.0,571.5,38.0,103.0,1,1,0
88,8,276.5,526.0,95.0,155.0,1,1,0
88,5,49.75,639.5,172.25,33.0,1,7,0
88,13,759.0,633.0,75.0,53.0,1,1,0
89,4,1036.0,542.0,38.0,104.0,1,1,0
89,8,276.5,507.0,94.0,154.0,1,1,0
89,5,61.38,619.5,170.25,32.0,1,7,0
89,13,740.5,613.0,73.0,47.0,1,1,0
90,4,1031.0,569.5,58.0,107.0,1,1,0
90,8,286.0,516.0,92.5,152.0,1,1,0
90,5,76.56,627.0,168.44,31.0,1,7,0
91,4,1068.0,558.5,40.0,105.0,1,1,0
91,8,293.25,518.0,87.5,153.0,1,1,0
91,5,88.25,628.0,169.5,33.0,1,7,0
91,13,696.0,634.0,80.0,39.0,1,1,0
92,4,1081.0,549.0,42.0,111.0,1,1,0
92,8,303.0,519.0,88.0,156.0,1,1,0
92,5,105.38,634.5,168.62,32.0,1,7,0
92,13,680.5,622.0,80.0,51.0,1,1,0
93,4,1067.0,558.0,62.0,106.0,1,1,0
93,8,295.75,502.5,88.5,157.0,1,1,0
93,5,106.06,617.5,171.94,31.0,1,7,0
93,13,655.0,630.0,74.0,38.0,1,1,0
93,19,1675.0,822.0,244.0,146.0,1,5,0
94,4,1088.0,559.5,64.0,105.0,1,1,0
94,8,305.5,522.5,84.0,157.0,1,1,0
94,5,121.56,637.0,171.94,34.0,1,7,0
94,13,650.5,637.5,54.0,40.0,1,1,0
94,19,1573.0,793.5,328.0,141.0,1,5,0
95,4,1102.0,576.0,64.0,92.0,1,1,0
95,8,307.0,521.0,85.5,155.0,1,1,0
95,5,132.5,635.5,170.5,31.0,1,7,0
95,13,618.5,636.0,59.0,40.0,1,1,0
95,19,1380.0,801.5,388.0,138.0,1,5,0
96,4,1102.0,574.0,76.0,97.0,1,1,0
96,8,307.5,521.0,92.0,154.0,1,1,0
96,5,143.75,634.5,169.0,31.0,1,7,0
96,19,1348.0,799.5,306.0,130.0,1,5,0
97,4,1094.0,579.5,88.0,93.0,1,1,0
97,8,299.5,532.0,92.5,156.0,1,1,0
97,5,144.25,645.5,171.5,33.0,1,7,0
97,19,1167.0,788.0,378.0,132.0,1,5,0
97,13,567.0,639.5,66.0,44.0,1,1,0
98,4,1105.0,599.0,88.0,87.0,1,1,0
98,8,308.5,528.0,92.0,157.0,1,1,0
98,5,160.25,643.0,163.5,31.0,1,7,0
98,19,1079.0,794.5,366.0,131.0,1,5,0
98,13,559.0,639.5,59.0,46.0,1,1,0
99,4,1111.0,574.0,90.0,83.0,1,1,0
99,8,302.0,510.0,93.5,157.0,1,1,0
99,5,162.0,622.5,159.5,32.0,1,7,0
99,19,1006.0,764.5,348.0,127.0,1,5,0
99,13,527.0,617.5,72.0,46.0,1,1,0
100,4,1126.0,603.5,84.0,90.0,1,1,0
100,8,304.5,553.0,94.5,157.0,1,1,0
100,5,176.75,667.5,146.5,31.0,1,7,0
100,19,946.0,796.5,330.0,127.0,1,5,0
100,13,504.75,662.0,72.25,42.0,1,1,0
101,4,1119.0,583.0,88.0,93.0,1,1,0
101,8,295.25,519.0,93.0,157.0,1,1,0
101,5,173.75,632.5,131.5,32.0,1,7,0
101,19,878.0,772.0,318.0,122.0,1,5,0
101,13,471.25,635.5,73.75,39.0,1,1,0
102,4,1122.0,581.0,90.0,98.0,1,1,0
102,8,292.25,529.5,94.5,158.0,1,1,0
102,5,180.25,644.0,122.25,31.0,1,7,0
102,19,876.5,770.5,256.5,121.0,1,5,0
102,13,447.25,641.5,73.75,39.0,1,1,0
103,4,1131.0,582.5,94.0,91.0,1,1,0
103,8,293.0,526.5,99.5,158.0,1,1,0
103,5,191.25,641.5,113.75,31.0,1,7,0
103,19,778.0,760.5,307.0,121.0,1,5,0
103,13,432.75,628.5,64.0,50.0,1,1,0
104,4,1135.0,586.0,90.0,86.0,1,1,0
104,8,284.25,518.0,101.5,158.0,1,1,0
104,5,192.0,631.5,108.0,33.0,1,7,0
104,19,778.5,757.0,249.5,113.0,1,5,0
104,13,399.5,630.0,73.5,40.0,1,1,0
105,4,1129.0,581.5,88.0,95.0,1,1,0
105,8,273.25,526.0,105.5,158.0,1,1,0
105,5,193.0,640.5,95.5,31.0,1,7,0
105,19,720.5,758.0,247.0,108.0,1,5,0
105,13,377.5,639.0,55.0,39.0,1,1,0
106,4,1150.0,566.0,76.0,102.0,1,1,0
106,8,277.5,518.5,97.5,158.0,1,1,0
106,5,208.75,634.5,82.25,29.0,1,7,0
106,19,623.5,745.0,293.0,110.0,1,5,0
106,13,353.0,629.0,64.0,41.0,1,1,0
107,4,1151.0,577.0,76.0,87.0,1,1,0
107,8,265.5,516.5,126.0,156.0,1,1,0
107,5,212.38,630.0,75.12,31.0,1,7,0
107,19,567.5,736.0,290.0,108.0,1,5,0
108,4,1150.0,578.0,80.0,94.0,1,1,0
108,8,259.25,516.5,119.5,158.0,1,1,0
108,5,218.75,631.0,67.25,29.0,1,7,0
108,19,561.5,737.5,233.0,104.0,1,5,0
109,4,1153.0,574.0,74.0,97.0,1,1,0
109,8,255.25,526.0,123.5,159.0,1,1,0
109,5,222.5,644.5,61.5,28.0,1,7,0
109,19,461.5,739.0,277.0,102.0,1,5,0
110,4,1169.0,572.0,72.0,101.0,1,1,0
110,8,259.75,517.5,125.5,161.0,1,1,0
110,5,240.88,624.5,46.87,38.0,1,7,0
110,19,425.0,727.0,262.0,104.0,1,5,0
111,4,1170.0,571.5,84.0,93.0,1,1,0
111,8,258.0,516.0,116.0,157.0,1,1,0
111,5,330.25,632.0,74.5,31.0,1,7,0
111,19,386.75,722.5,252.25,100.0,1,5,0
112,4,1198.0,585.0,64.0,91.0,1,1,0
112,8,255.25,527.0,116.5,159.0,1,1,0
112,5,327.5,645.0,85.0,28.0,1,7,0
112,19,375.0,731.0,212.5,97.0,1,5,0
113,4,1201.0,580.0,74.0,93.0,1,1,0
113,8,258.0,517.5,123.0,156.0,1,1,0
113,5,337.75,635.5,95.5,31.0,1,7,0
113,19,322.0,718.5,230.5,97.0,1,5,0
114,4,1200.0,577.5,88.0,83.0,1,1,0
114,8,248.0,519.0,138.5,156.0,1,1,0
114,5,348.0,633.5,101.0,31.0,1,7,0
114,19,300.75,713.5,219.25,95.0,1,5,0
114,13,240.88,604.5,139.12,66.0,1,1,0
115,4,1219.0,593.0,72.0,91.0,1,1,0
115,8,256.0,526.5,122.0,159.0,1,1,0
115,5,348.0,643.0,100.5,30.0,1,7,0
115,19,273.75,720.5,209.5,94.0,1,5,0
116,4,1252.0,575.5,52.0,87.0,1,1,0
116,8,262.5,515.5,120.0,156.0,1,1,0
116,5,344.75,629.0,122.0,31.0,1,7,0
116,19,262.0,704.0,200.0,89.0,1,5,0
116,13,266.5,582.0,115.5,87.0,1,1,0
117,4,1272.0,582.0,44.0,84.0,1,1,0
117,8,266.0,518.0,121.0,157.0,1,1,0
117,5,374.5,635.5,113.5,30.0,1,7,0
117,19,254.5,706.5,192.5,91.0,1,5,0
117,13,236.5,627.5,132.0,51.0,1,1,0
118,4,1257.0,592.0,60.0,88.0,1,1,0
118,8,273.25,526.0,106.5,155.0,1,1,0
118,5,330.5,637.5,158.0,33.0,1,7,0
118,19,233.38,709.5,193.13,88.0,1,5,0
118,13,224.12,631.5,66.62,38.0,1,1,0
119,4,1266.0,574.5,60.0,95.0,1,1,0
119,8,285.0,518.0,95.0,158.0,1,1,0
119,5,351.5,631.0,151.0,34.0,1,7,0
119,19,222.0,702.0,193.5,85.0,1,5,0
119,13,237.38,612.0,85.62,53.0,1,1,0
120,4,1285.0,576.0,50.0,88.0,1,1,0
120,8,290.0,519.0,90.0,154.0,1,1,0
120,5,336.5,631.5,182.5,33.0,1,7,0
120,19,212.5,696.5,189.5,84.0,1,5,0
120,13,242.62,624.0,103.12,41.0,1,1,0
121,4,1270.0,574.0,78.0,95.0,1,1,0
121,8,295.5,510.75,85.0,152.75,1,1,0
121,5,345.5,622.0,181.5,33.0,1,7,0
121,19,198.25,681.0,188.5,84.0,1,5,0
121,13,265.25,509.75,105.0,146.25,1,1,0
122,4,1273.0,575.5,84.0,97.0,1,1,0
122,8,277.75,526.0,99.5,154.0,1,1,0
122,5,356.75,637.0,170.75,36.0,1,7,0
122,19,181.0,702.0,184.0,83.0,1,5,0
123,4,1301.0,573.5,66.0,99.0,1,1,0
123,8,300.75,526.5,81.5,160.0,1,1,0
123,5,375.75,637.0,172.75,33.0,1,7,0
123,19,167.5,694.5,180.0,80.0,1,5,0
124,4,1325.0,574.5,44.0,87.0,1,1,0
124,8,312.5,497.75,81.5,161.25,1,1,0
124,5,403.25,613.5,155.25,32.0,1,7,0
124,19,143.12,669.5,177.88,76.0,1,5,0
125,4,1334.0,582.5,52.0,97.0,1,1,0
125,8,331.5,539.5,68.5,157.0,1,1,0
125,5,429.5,648.5,137.0,32.0,1,7,0
125,19,132.88,703.5,178.62,78.0,1,5,0
126,4,1328.0,569.0,64.0,95.0,1,1,0
126,8,335.75,512.5,62.5,161.0,1,1,0
126,5,440.0,627.5,123.0,30.0,1,7,0
126,19,132.25,676.5,160.0,75.0,1,5,0
127,4,1342.0,573.0,54.0,104.0,1,1,0
127,8,334.75,520.5,56.5,161.0,1,1,0
127,5,438.25,632.5,136.75,33.0,1,7,0
127,19,96.69,679.0,180.56,76.0,1,5,0
128,4,1361.0,590.0,42.0,95.0,1,1,0
128,8,347.0,543.5,44.0,158.0,1,1,0
128,5,412.5,645.0,182.0,40.0,1,7,0
128,19,155.62,702.5,117.63,72.0,1,5,0
129,4,1342.0,555.5,76.0,106.0,1,1,0
129,8,354.75,506.0,44.5,158.0,1,1,0
129,5,408.5,613.5,184.0,38.0,1,7,0
129,19,155.75,665.0,113.0,70.0,1,5,0
130,4,1356.0,565.0,54.0,106.0,1,1,0
130,8,350.75,527.0,47.5,157.0,1,1,0
130,5,413.25,633.5,170.75,35.0,1,7,0
130,19,148.25,679.5,105.75,69.0,1,5,0
131,4,1362.0,605.0,48.0,87.0,1,1,0
131,8,349.75,551.0,54.0,157.0,1,1,0
131,5,414.0,647.5,170.5,46.0,1,7,0
131,19,138.25,703.0,102.0,70.0,1,5,0
132,4,1345.0,562.0,80.0,99.0,1,1,0
132,8,362.75,502.0,64.5,154.0,1,1,0
132,5,416.5,605.5,190.0,43.0,1,7,0
132,19,117.69,650.0,120.56,68.0,1,5,0
133,4,1358.0,561.0,58.0,105.0,1,1,0
133,8,358.0,534.5,63.5,151.0,1,1,0
133,5,452.75,640.0,147.75,34.0,1,7,0
133,19,120.25,681.5,97.5,67.0,1,5,0
134,4,1352.0,594.0,64.0,95.0,1,1,0
134,8,353.0,541.5,67.0,154.0,1,1,0
134,5,413.0,647.0,179.0,38.0,1,7,0
134,19,107.75,687.0,93.0,68.0,1,5,0
135,4,1348.0,571.5,70.0,99.0,1,1,0
135,8,355.5,520.0,64.0,157.0,1,1,0
135,5,415.75,621.0,176.25,46.0,1,7,0
135,19,97.38,664.5,97.75,66.0,1,5,0
136,4,1375.0,538.0,44.0,104.0,1,1,0
136,8,354.75,510.5,64.5,153.0,1,1,0
136,5,478.0,618.5,121.0,31.0,1,7,0
136,19,93.38,654.5,93.25,64.0,1,5,0
137,4,1390.0,632.0,36.0,54.0,1,1,0
137,8,355.0,522.5,66.0,154.0,1,1,0
137,5,468.0,638.0,139.0,32.0,1,7,0
137,19,86.25,662.0,93.25,63.0,1,5,0
137,26,408.25,633.0,67.5,37.0,1,7,0
138,8,352.75,527.0,60.5,151.0,1,1,0
138,5,472.0,636.0,128.0,31.0,1,7,0
138,19,79.69,663.5,96.81,66.0,1,5,0
138,26,416.25,625.5,58.0,49.0,1,7,0
139,8,356.5,520.5,56.0,151.0,1,1,0
139,5,484.75,632.0,122.25,32.0,1,7,0
139,19,83.75,656.5,99.5,64.0,1,5,0
139,26,425.75,628.0,60.0,45.0,1,7,0
139,27,1359.0,574.0,84.0,97.0,1,1,0
140,8,359.5,529.0,63.5,151.0,1,1,0
140,5,480.0,640.0,128.0,32.0,1,7,0
140,19,81.0,666.5,100.0,60.0,1,5,0
140,27,1360.0,581.5,82.0,91.0,1,1,0
141,8,368.25,512.0,79.0,150.0,1,1,0
141,19,85.25,647.0,98.5,61.0,1,5,0
141,27,1364.0,563.5,76.0,90.0,1,1,0
141,26,437.0,620.0,187.0,35.0,1,7,0
142,8,370.75,529.0,61.5,158.0,1,1,0
142,19,73.75,661.5,107.25,62.0,1,5,0
142,27,1360.0,599.0,74.0,81.0,1,1,0
142,5,425.25,642.0,203.25,34.0,1,7,0
143,8,360.5,522.5,90.0,154.0,1,1,0
143,19,84.88,654.5,102.0,60.0,1,5,0
143,27,1374.0,563.5,68.0,96.0,1,1,0
143,5,432.25,632.0,207.75,34.0,1,7,0
144,8,386.0,502.0,72.0,143.0,1,1,0
144,19,82.38,635.0,100.5,58.0,1,5,0
144,27,1346.0,558.5,96.0,91.0,1,1,0
144,5,433.0,616.0,87.5,28.0,1,7,0
144,26,529.5,616.0,117.0,31.0,1,7,0
145,8,380.75,520.0,75.0,147.0,1,1,0
145,19,82.81,653.5,98.94,57.0,1,5,0
145,27,1337.0,581.0,100.0,91.0,1,1,0
145,5,448.75,638.5,65.75,27.0,1,7,0
145,26,535.5,637.5,119.0,31.0,1,7,0
146,8,389.5,520.5,74.5,149.0,1,1,0
146,19,70.0,646.5,115.0,59.0,1,5,0
146,27,1330.0,578.0,112.0,85.0,1,1,0
146,5,441.25,633.5,75.25,27.0,1,7,0
146,26,545.0,630.5,116.0,33.0,1,7,0
147,8,393.25,502.5,73.5,147.0,1,1,0
147,19,82.12,631.0,100.5,57.0,1,5,0
147,27,1344.0,562.0,90.0,93.0,1,1,0
147,5,446.25,609.0,74.25,38.0,1,7,0
147,26,547.0,617.0,118.0,33.0,1,7,0
147,31,263.0,624.5,70.0,41.0,1,1,0
148,8,398.0,531.0,81.5,142.0,1,1,0
148,19,91.25,658.0,98.5,55.0,1,5,0
148,27,1357.0,575.5,80.0,89.0,1,1,0
148,5,460.5,638.0,76.0,32.0,1,7,0
148,26,561.0,639.5,118.0,32.0,1,7,0
148,31,243.62,649.5,76.88,41.0,1,1,0
149,8,388.5,506.0,92.5,149.0,1,1,0
149,19,74.75,631.5,103.0,56.0,1,5,0
149,27,1335.0,604.0,136.0,54.0,1,1,0
149,5,459.0,621.5,81.5,28.0,1,7,0
149,26,560.0,621.5,113.0,31.0,1,7,0
149,31,215.38,628.0,73.88,41.0,1,1,0
150,8,396.75,538.0,102.5,146.0,1,1,0
150,19,86.12,661.0,98.0,54.0,1,5,0
150,27,1341.0,630.5,78.0,51.0,1,1,0
150,5,482.75,647.0,82.25,30.0,1,7,0
150,26,566.0,629.5,113.0,51.0,1,7,0
150,31,213.88,653.0,53.12,46.0,1,1,0
151,8,399.5,523.0,100.5,150.0,1,1,0
151,19,82.0,649.0,100.0,53.0,1,5,0
151,27,1342.0,612.5,114.0,49.0,1,1,0
151,26,491.25,628.0,172.75,38.0,1,7,0
151,31,191.38,646.0,57.75,40.0,1,1,0
152,8,402.75,508.0,102.5,151.0,1,1,0
152,19,73.0,631.0,105.12,54.0,1,5,0
152,27,1353.0,617.0,88.0,44.0,1,1,0
152,26,483.0,615.5,174.0,39.0,1,7,0
152,31,173.75,628.5,58.25,41.0,1,1,0
153,8,406.25,537.0,96.0,148.0,1,1,0
153,19,95.38,639.5,92.75,69.0,1,5,0
153,27,1342.0,638.0,106.0,46.0,1,1,0
153,5,492.5,646.0,164.0,34.0,1,7,0
154,8,415.25,513.5,93.0,147.0,1,1,0
154,19,59.56,624.0,131.94,66.0,1,5,0
154,27,1351.0,607.0,128.0,51.0,1,1,0
154,26,503.5,626.5,160.0,32.0,1,7,0
155,8,421.0,524.0,99.0,145.0,1,1,0
155,19,78.62,633.0,116.75,62.0,1,5,0
155,27,1351.0,611.5,118.0,58.0,1,1,0
155,26,509.0,633.0,162.0,33.0,1,7,0
155,31,48.97,642.5,79.03,51.0,1,1,0
156,8,422.75,509.5,95.75,144.0,1,1,0
156,19,63.0,626.0,116.62,53.0,1,5,0
156,27,1342.0,578.5,110.0,80.0,1,1,0
156,26,513.0,620.0,150.0,34.0,1,7,0
157,8,434.5,535.0,108.0,144.0,1,1,0
157,19,55.97,653.5,115.03,53.0,1,5,0
157,27,1350.0,585.5,114.0,87.0,1,1,0
157,5,524.5,637.0,147.0,39.0,1,7,0
158,8,430.25,534.5,108.75,146.0,1,1,0
158,19,24.69,637.5,116.06,66.0,1,5,0
158,27,1343.0,589.5,94.0,96.0,1,1,0
158,5,518.0,647.0,148.0,32.0,1,7,0
159,8,444.0,510.25,102.0,143.25,1,1,0
159,19,9.25,616.0,113.0,63.0,1,5,0
159,27,1350.0,589.0,76.0,65.0,1,1,0
159,26,526.0,621.5,146.0,33.0,1,7,0
160,8,451.75,525.0,99.25,141.0,1,1,0
160,19,0.0,640.0,102.0,54.0,1,5,0
160,27,1359.0,562.0,68.0,102.0,1,1,0
160,26,548.5,636.5,118.0,30.0,1,7,0
161,8,450.5,541.0,104.5,141.0,1,1,0
161,19,0.66,649.5,72.47,51.0,1,5,0
161,27,1350.0,588.0,70.0,101.0,1,1,0
161,5,550.5,652.0,114.0,31.0,1,7,0
162,8,465.75,513.0,98.75,146.0,1,1,0
162,19,0.28,633.0,39.12,46.0,1,5,0
162,27,1359.0,558.5,68.0,92.0,1,1,0
162,26,563.0,625.5,108.0,31.0,1,7,0
163,8,468.0,513.0,104.0,144.0,1,1,0
163,27,1345.0,576.5,82.0,81.0,1,1,0
163,26,563.0,626.0,100.0,32.0,1,7,0
164,8,476.25,549.5,103.75,143.0,1,1,0
164,27,1346.0,610.0,80.0,80.0,1,1,0
164,33,33.66,654.0,79.72,50.0,1,1,0
164,5,574.5,663.0,82.0,31.0,1,7,0
165,8,485.5,493.75,100.0,142.75,1,1,0
165,27,1360.0,548.0,72.0,89.0,1,1,0
165,33,54.69,606.0,73.81,39.0,1,1,0
165,26,579.5,606.0,80.0,31.0,1,7,0
166,8,495.0,528.0,103.0,143.0,1,1,0
166,27,1368.0,594.0,68.0,86.0,1,1,0
166,5,587.0,645.0,82.0,30.0,1,7,0
167,8,490.25,538.5,104.25,141.0,1,1,0
167,27,1365.0,586.5,70.0,84.0,1,1,0
167,5,589.5,646.5,74.0,34.0,1,7,0
167,33,88.62,654.5,80.0,39.0,1,1,0
168,8,497.0,514.0,109.0,144.0,1,1,0
168,27,1369.0,572.5,74.0,91.0,1,1,0
168,5,601.0,628.5,71.0,31.0,1,7,0
168,33,123.25,607.5,68.5,56.0,1,1,0
169,8,495.25,514.0,113.75,143.0,1,1,0
169,27,1374.0,575.5,62.0,81.0,1,1,0
169,5,596.5,626.0,76.0,31.0,1,7,0
169,33,137.5,614.0,72.5,50.0,1,1,0
170,8,497.25,537.5,110.75,142.0,1,1,0
170,27,1383.0,583.5,60.0,87.0,1,1,0
170,5,602.0,651.5,75.0,30.0,1,7,0
170,33,177.0,653.5,58.75,38.0,1,1,0
171,8,496.25,507.75,111.25,144.25,1,1,0
171,27,1377.0,575.5,64.0,86.0,1,1,0
171,5,606.0,624.0,72.0,30.0,1,7,0
172,8,501.5,521.0,112.0,142.0,1,1,0
172,27,1377.0,574.0,66.0,89.0,1,1,0
172,5,608.5,637.0,77.0,29.0,1,7,0
172,33,225.5,633.5,40.5,38.0,1,1,0
173,8,511.5,534.0,108.0,141.0,1,1,0
173,27,1402.0,581.5,50.0,91.0,1,1,0
173,5,613.0,648.5,74.0,31.0,1,7,0
173,33,244.5,645.0,54.0,38.0,1,1,0
174,8,510.0,511.0,112.0,140.0,1,1,0
174,27,1383.0,562.0,72.0,94.0,1,1,0
174,5,615.5,623.0,65.0,30.0,1,7,0
174,33,253.38,602.5,65.12,52.0,1,1,0
175,8,540.0,526.0,90.0,139.0,1,1,0
175,27,1383.0,569.0,102.0,94.0,1,1,0
175,5,623.5,637.5,56.0,29.0,1,7,0
175,33,282.0,630.5,62.5,41.0,1,1,0
176,8,527.0,527.0,109.0,143.0,1,1,0
176,27,1385.0,579.5,106.0,92.0,1,1,0
176,5,627.5,639.5,45.0,34.0,1,7,0
177,8,543.5,517.5,103.0,141.0,1,1,0
177,27,1399.0,571.5,102.0,86.0,1,1,0
177,5,623.0,630.0,58.0,30.0,1,7,0
177,33,322.5,623.0,72.5,38.0,1,1,0
178,8,560.5,523.0,110.0,144.0,1,1,0
178,27,1407.0,563.0,88.0,99.0,1,1,0
178,5,613.0,630.5,67.0,37.0,1,7,0
179,8,566.0,521.5,126.0,145.0,1,1,0
179,27,1412.0,565.0,80.0,100.0,1,1,0
179,5,661.5,637.5,31.0,29.0,1,7,0
179,33,376.25,631.5,63.5,36.0,1,1,0
180,8,591.0,527.5,121.0,144.0,1,1,0
180,27,1439.0,566.0,74.0,96.0,1,1,0
180,33,415.5,647.0,45.5,30.0,1,1,0
181,8,593.5,519.5,109.0,144.0,1,1,0
181,27,1432.0,564.5,66.0,99.0,1,1,0
181,5,645.0,632.5,68.0,32.0,1,7,0
182,8,613.5,516.0,115.0,143.0,1,1,0
182,27,1443.0,554.5,62.0,104.0,1,1,0
182,33,448.25,633.5,55.0,28.0,1,1,0
183,8,650.0,526.0,71.0,138.0,1,1,0
183,27,1450.0,568.0,80.0,93.0,1,1,0
183,5,628.5,637.0,113.0,33.0,1,7,0
184,8,636.0,518.5,111.0,142.0,1,1,0
184,27,1456.0,572.0,84.0,90.0,1,1,0
184,33,457.75,630.0,68.75,29.0,1,1,0
185,8,645.5,510.0,107.0,141.0,1,1,0
185,27,1462.0,552.0,62.0,96.0,1,1,0
185,33,468.5,622.0,73.5,30.0,1,1,0
186,8,653.0,534.0,99.0,141.0,1,1,0
186,27,1458.0,563.0,58.0,104.0,1,1,0
186,5,699.0,645.0,56.0,29.0,1,7,0
187,8,658.5,514.5,94.0,143.0,1,1,0
187,27,1456.0,558.5,56.0,102.0,1,1,0
187,33,473.0,626.5,77.5,30.0,1,1,0
188,8,671.0,529.0,82.0,142.0,1,1,0
188,27,1464.0,581.0,54.0,82.0,1,1,0
188,33,487.5,645.0,73.0,27.0,1,1,0
188,5,681.5,637.5,80.0,34.0,1,7,0
189,8,675.5,526.0,85.0,142.0,1,1,0
189,27,1463.0,582.5,62.0,82.0,1,1,0
189,33,487.25,637.0,74.75,29.0,1,1,0
190,8,672.0,526.5,82.0,142.0,1,1,0
190,27,1457.0,580.0,78.0,87.0,1,1,0
190,33,498.75,626.0,62.75,45.0,1,1,0
191,8,667.0,510.25,83.0,141.25,1,1,0
191,27,1455.0,553.0,62.0,94.0,1,1,0
191,33,513.5,615.0,32.0,39.0,1,1,0
192,8,682.0,517.5,60.0,141.0,1,1,0
192,27,1456.0,573.0,52.0,84.0,1,1,0
192,5,680.0,629.5,88.0,32.0,1,7,0
193,8,667.0,526.0,80.0,142.0,1,1,0
193,27,1446.0,576.0,64.0,82.0,1,1,0
193,5,672.5,630.0,77.0,38.0,1,7,0
193,33,486.75,633.5,65.25,35.0,1,1,0
194,8,664.5,519.5,86.0,145.0,1,1,0
194,27,1446.0,569.0,66.0,88.0,1,1,0
194,5,669.0,615.5,84.0,49.0,1,7,0
194,33,487.25,631.0,73.75,31.0,1,1,0
195,8,667.0,521.5,85.0,146.0,1,1,0
195,27,1443.0,572.0,50.0,89.0,1,1,0
195,33,483.25,627.5,74.75,35.0,1,1,0
196,8,666.0,518.5,84.0,146.0,1,1,0
196,27,1439.0,557.0,54.0,95.0,1,1,0
196,33,487.0,625.0,73.0,37.0,1,1,0
196,5,674.0,631.5,78.0,33.0,1,7,0
197,8,667.0,534.0,84.0,145.0,1,1,0
197,27,1435.0,579.0,62.0,98.0,1,1,0
197,33,495.75,639.5,73.75,37.0,1,1,0
197,5,673.0,646.5,79.0,32.0,1,7,0
198,8,665.0,506.5,91.0,144.0,1,1,0
198,27,1430.0,541.5,46.0,99.0,1,1,0
198,33,503.5,612.5,73.0,34.0,1,1,0
198,5,668.5,618.0,87.0,32.0,1,7,0
199,8,676.0,527.0,86.0,144.0,1,1,0
199,27,1434.0,566.5,42.0,96.0,1,1,0
199,33,522.0,631.0,63.0,37.0,1,1,0
199,5,675.5,595.0,85.0,72.0,1,7,0
200,8,685.0,520.0,81.0,148.0,1,1,0
200,27,1433.0,567.0,52.0,94.0,1,1,0
200,33,545.5,623.0,72.0,40.0,1,1,0
200,5,722.5,609.5,54.0,53.0,1,7,0
201,8,695.5,502.5,70.0,148.0,1,1,0
201,27,1430.0,534.5,50.0,102.0,1,1,0
201,33,567.5,611.5,73.0,33.0,1,1,0
201,5,732.0,615.5,61.0,29.0,1,7,0
202,8,702.5,533.5,67.0,145.0,1,1,0
202,27,1436.0,572.5,42.0,98.0,1,1,0
202,33,609.0,636.5,47.0,36.0,1,1,0
202,5,741.5,638.0,68.0,35.0,1,7,0
203,8,714.0,519.0,60.0,146.0,1,1,0
203,27,1439.0,562.0,42.0,88.0,1,1,0
203,5,768.5,630.0,65.0,27.0,1,7,0
204,8,715.5,513.0,64.0,150.0,1,1,0
204,27,1430.0,553.5,70.0,91.0,1,1,0
204,5,771.5,624.0,77.0,30.0,1,7,0
204,33,657.0,610.0,56.0,42.0,1,1,0
205,8,691.0,529.0,100.0,148.0,1,1,0
205,27,1424.0,569.5,52.0,100.0,1,1,0
205,5,753.0,644.0,112.0,30.0,1,7,0
205,33,683.0,610.0,99.0,62.0,1,1,0
206,8,706.5,520.0,93.0,147.0,1,1,0
206,27,1432.0,559.5,36.0,89.0,1,1,0
206,5,798.0,631.5,91.0,31.0,1,7,0
206,33,699.5,589.5,89.0,80.0,1,1,0
207,8,716.5,517.0,79.0,151.0,1,1,0
207,27,1422.0,563.5,38.0,88.0,1,1,0
207,5,800.0,623.5,97.0,36.0,1,7,0
208,8,719.0,519.5,78.0,152.0,1,1,0
208,27,1424.0,556.0,36.0,97.0,1,1,0
208,5,814.5,631.0,103.0,32.0,1,7,0
209,8,717.5,529.0,79.0,151.0,1,1,0
209,27,1429.0,562.5,48.0,95.0,1,1,0
209,5,762.5,633.0,161.0,39.0,1,7,0
209,43,868.0,640.0,68.0,28.0,1,7,0
210,8,711.0,524.5,85.0,149.0,1,1,0
210,27,1422.0,573.0,70.0,88.0,1,1,0
210,5,767.5,627.0,179.0,41.0,1,7,0
211,8,708.0,538.0,84.0,152.0,1,1,0
211,27,1423.0,578.5,62.0,87.0,1,1,0
211,5,778.5,640.0,187.0,40.0,1,7,0
211,43,878.0,640.5,88.0,37.0,1,7,0
212,8,700.0,513.0,93.0,152.0,1,1,0
212,27,1423.0,552.5,48.0,92.0,1,1,0
212,5,786.5,621.0,195.0,39.0,1,7,0
213,8,692.5,516.5,93.0,151.0,1,1,0
213,27,1421.0,556.0,48.0,90.0,1,1,0
213,5,799.0,621.0,194.0,40.0,1,7,0
214,8,687.0,517.5,100.0,152.0,1,1,0
214,27,1414.0,557.0,50.0,91.0,1,1,0
214,5,814.5,628.0,132.0,32.0,1,7,0
214,43,909.5,623.5,100.0,38.0,1,7,0
215,8,677.5,521.0,105.0,153.0,1,1,0
215,27,1411.0,559.5,46.0,92.0,1,1,0
215,5,834.0,626.0,187.0,41.0,1,7,0
216,8,677.5,527.5,107.0,155.0,1,1,0
216,27,1401.0,566.5,66.0,89.0,1,1,0
216,5,855.5,627.5,184.5,45.0,1,7,0
217,8,669.5,519.0,108.0,155.0,1,1,0
217,27,1390.0,556.0,46.0,94.0,1,1,0
217,5,869.5,619.5,176.5,48.0,1,7,0
218,8,667.0,509.5,111.0,155.0,1,1,0
218,27,1390.0,546.5,46.0,91.0,1,1,0
218,5,887.0,620.5,134.0,33.0,1,7,0
218,43,975.5,617.0,88.5,38.0,1,7,0
219,8,654.0,518.5,115.0,156.0,1,1,0
219,27,1377.0,568.0,64.0,78.0,1,1,0
219,5,904.5,632.5,99.0,31.0,1,7,0
219,43,997.0,626.5,72.0,40.0,1,7,0
220,8,654.0,517.5,116.0,156.0,1,1,0
220,27,1371.0,560.0,56.0,87.0,1,1,0
220,5,927.5,634.5,92.0,29.0,1,7,0
220,43,1017.0,627.5,72.0,40.0,1,7,0
221,8,645.0,511.25,116.0,157.75,1,1,0
221,27,1363.0,548.5,40.0,89.0,1,1,0
221,5,937.5,607.5,151.5,53.0,1,7,0
222,8,641.5,517.5,120.0,161.0,1,1,0
222,27,1361.0,573.5,42.0,73.0,1,1,0
222,5,960.0,623.0,144.0,48.0,1,7,0
223,8,629.5,525.0,123.0,159.0,1,1,0
223,27,1351.0,581.5,42.0,74.0,1,1,0
223,5,957.0,622.5,84.0,51.0,1,7,0
223,43,1035.0,638.0,82.0,41.0,1,7,0
224,8,630.0,511.75,123.0,158.25,1,1,0
224,27,1345.0,546.5,54.0,90.0,1,1,0
224,5,986.5,614.0,68.5,43.0,1,7,0
224,43,1040.0,614.0,86.0,48.0,1,7,0
225,8,620.5,526.5,126.0,161.0,1,1,0
225,27,1339.0,566.5,40.0,88.0,1,1,0
225,5,985.5,645.0,76.5,31.0,1,7,0
225,43,1063.0,622.0,78.0,59.0,1,7,0
226,8,617.5,518.5,125.0,156.0,1,1,0
226,27,1328.0,567.5,48.0,79.0,1,1,0
226,5,1015.0,623.0,74.0,44.0,1,7,0
226,43,1084.0,635.0,68.0,38.0,1,7,0
227,8,612.5,521.5,124.0,160.0,1,1,0
227,27,1329.0,567.0,52.0,80.0,1,1,0
227,5,1017.0,624.0,86.0,48.0,1,7,0
227,43,1093.0,633.5,68.0,43.0,1,7,0
228,8,604.5,526.5,124.0,157.0,1,1,0
228,27,1320.0,560.5,44.0,90.0,1,1,0
228,5,1046.0,627.0,60.0,51.0,1,7,0
228,43,1095.0,640.0,70.0,41.0,1,7,0
229,8,598.5,509.0,124.0,158.0,1,1,0
229,27,1309.0,551.0,48.0,85.0,1,1,0
229,5,1051.0,629.5,60.0,32.0,1,7,0
229,43,1107.0,623.5,76.0,43.0,1,7,0
230,8,594.0,526.5,123.0,159.0,1,1,0
230,27,1311.0,576.5,36.0,78.0,1,1,0
230,5,1063.0,637.0,74.0,42.0,1,7,0
230,43,1111.0,634.5,74.0,49.0,1,7,0
231,8,588.5,514.0,120.0,158.0,1,1,0
231,27,1297.0,554.5,58.0,84.0,1,1,0
231,5,1081.0,636.0,58.0,33.0,1,7,0
231,43,1116.0,627.5,84.0,44.0,1,7,0
232,8,589.5,502.5,123.0,160.0,1,1,0
232,27,1297.0,543.5,50.0,88.0,1,1,0
232,5,1099.0,611.5,68.0,49.0,1,7,0
232,43,1165.0,609.5,52.0,55.0,1,7,0
233,8,574.0,524.5,130.0,161.0,1,1,0
233,27,1294.0,573.5,44.0,76.0,1,1,0
233,5,1111.0,637.5,60.0,42.0,1,7,0
233,43,1160.0,637.0,72.0,47.0,1,7,0
234,8,583.0,521.0,127.0,161.0,1,1,0
234,27,1296.0,562.0,50.0,85.0,1,1,0
234,5,1123.0,626.0,74.0,52.0,1,7,0
234,43,1195.0,639.5,60.0,44.0,1,7,0
235,8,581.0,517.5,123.0,160.0,1,1,0
235,27,1287.0,557.5,54.0,88.0,1,1,0
235,5,1149.0,630.0,72.0,50.0,1,7,0
235,43,1199.0,638.0,74.0,44.0,1,7,0
236,8,575.0,526.0,127.0,158.0,1,1,0
236,27,1293.0,552.5,44.0,87.0,1,1,0
236,5,1152.0,619.5,150.0,60.0,1,7,0
236,43,1212.0,619.5,88.0,59.0,1,7,0
237,8,567.5,523.5,128.0,161.0,1,1,0
237,27,1290.0,572.5,42.0,80.0,1,1,0
237,5,1166.0,639.5,66.0,45.0,1,7,0
237,43,1222.0,638.0,102.0,52.0,1,7,0
238,8,569.5,496.0,123.0,161.0,1,1,0
238,27,1292.0,543.5,46.0,84.0,1,1,0
238,5,1183.0,609.0,64.0,50.0,1,7,0
238,43,1192.0,605.0,160.0,61.0,1,7,0
239,8,564.0,517.0,125.0,159.0,1,1,0
239,27,1286.0,557.0,52.0,79.0,1,1,0
239,5,1207.0,636.5,92.0,37.0,1,7,0
239,43,1201.0,635.0,166.0,44.0,1,7,0
240,8,557.0,516.5,125.0,159.0,1,1,0
240,27,1286.0,558.5,44.0,82.0,1,1,0
240,43,1219.0,640.0,172.0,42.0,1,7,0
241,8,553.0,519.5,126.0,161.0,1,1,0
241,27,1284.0,565.0,46.0,82.0,1,1,0
241,43,1242.0,645.0,172.0,43.0,1,7,0
242,8,549.0,531.5,124.0,159.0,1,1,0
242,27,1279.0,564.5,48.0,89.0,1,1,0
242,43,1360.0,658.5,82.0,39.0,1,7,0
242,5,1263.0,653.5,108.0,41.0,1,7,0
243,8,541.0,517.0,125.0,161.0,1,1,0
243,27,1270.0,558.0,44.0,88.0,1,1,0
243,44,0.5,629.5,66.06,46.0,1,5,0
243,5,1281.0,637.5,170.0,52.0,1,7,0
244,8,532.0,524.0,125.0,162.0,1,1,0
244,27,1264.0,572.5,50.0,76.0,1,1,0
244,44,0.0,637.5,94.62,49.0,1,5,0
244,5,1307.0,643.0,106.0,47.0,1,7,0
244,43,1404.0,643.0,72.0,52.0,1,7,0
245,8,531.5,509.0,120.0,157.0,1,1,0
245,27,1256.0,551.0,58.0,79.0,1,1,0
245,44,0.0,620.0,123.0,49.0,1,5,0
245,5,1331.0,638.5,96.0,36.0,1,7,0
245,43,1402.0,634.5,86.0,45.0,1,7,0
246,8,516.0,524.0,120.0,158.0,1,1,0
246,27,1248.0,556.5,48.0,91.0,1,1,0
246,44,10.75,630.5,133.5,51.0,1,5,0
246,5,1343.0,654.5,92.0,40.0,1,7,0
246,43,1431.0,654.0,74.0,44.0,1,7,0
246,45,0.0,520.0,55.28,136.0,1,1,0
247,8,508.0,516.0,118.0,159.0,1,1,0
247,27,1245.0,560.5,46.0,77.0,1,1,0
247,44,31.56,623.0,132.69,53.0,1,5,0
247,5,1362.0,645.0,162.0,42.0,1,7,0
247,45,0.0,517.0,69.75,132.0,1,1,0
248,8,500.5,511.75,118.0,161.25,1,1,0
248,27,1236.0,559.0,52.0,79.0,1,1,0
248,44,57.12,621.0,129.5,54.0,1,5,0
248,5,1381.0,644.0,170.0,42.0,1,7,0
248,45,14.78,512.0,75.84,138.0,1,1,0
249,8,478.5,519.5,118.0,161.0,1,1,0
249,27,1217.0,563.0,52.0,76.0,1,1,0
249,44,67.62,627.5,129.0,53.0,1,5,0
249,5,1392.0,653.0,168.0,38.0,1,7,0
249,45,21.25,524.5,71.31,132.0,1,1,0
250,8,470.0,516.5,115.0,159.0,1,1,0
250,27,1206.0,561.0,52.0,79.0,1,1,0
250,44,83.88,624.0,129.25,52.0,1,5,0
250,5,1404.0,647.5,150.0,45.0,1,7,0
250,45,28.56,510.5,72.5,143.0,1,1,0
251,8,461.0,519.0,111.0,161.0,1,1,0
251,27,1211.0,567.0,34.0,78.0,1,1,0
251,44,99.38,628.0,128.0,53.0,1,5,0
251,5,1421.0,654.5,162.0,44.0,1,7,0
251,45,39.44,518.5,66.75,138.0,1,1,0
252,8,441.5,516.5,111.0,160.0,1,1,0
252,27,1196.0,557.0,44.0,80.0,1,1,0
252,44,104.94,627.0,131.06,51.0,1,5,0
252,5,1422.0,638.0,152.0,51.0,1,7,0
252,45,37.66,517.5,68.97,140.0,1,1,0
253,8,430.0,517.5,115.0,161.0,1,1,0
253,27,1190.0,560.0,52.0,79.0,1,1,0
253,44,122.44,626.5,131.31,51.0,1,5,0
253,5,1440.0,646.0,150.0,49.0,1,7,0
253,45,52.19,517.5,67.0,139.0,1,1,0
254,8,414.0,516.5,113.0,157.0,1,1,0
254,27,1180.0,562.0,46.0,80.0,1,1,0
254,44,129.5,623.0,130.0,52.0,1,5,0
254,5,1446.0,654.0,154.0,49.0,1,7,0
254,45,54.16,515.0,68.47,140.0,1,1,0
255,8,398.0,524.0,112.5,157.0,1,1,0
255,27,1159.0,554.0,58.0,85.0,1,1,0
255,44,141.12,629.5,127.87,54.0,1,5,0
255,5,1456.0,649.0,118.0,44.0,1,7,0
255,45,60.41,525.5,69.22,139.0,1,1,0
255,43,1551.0,659.5,58.0,36.0,1,7,0
256,8,381.5,516.0,113.0,158.0,1,1,0
256,27,1152.0,554.0,42.0,85.0,1,1,0
256,44,147.25,624.5,129.5,49.0,1,5,0
256,5,1468.0,652.0,156.0,48.0,1,7,0
256,45,67.0,513.5,71.5,141.0,1,1,0
257,8,367.0,524.5,110.5,158.0,1,1,0
257,27,1138.0,573.0,40.0,79.0,1,1,0
257,44,153.75,630.0,130.0,52.0,1,5,0
257,5,1475.0,661.5,120.0,51.0,1,7,0
257,45,70.44,522.5,76.06,142.0,1,1,0
257,43,1562.0,659.5,70.0,57.0,1,7,0
258,8,351.5,527.5,115.0,159.0,1,1,0
258,27,1134.0,575.5,56.0,74.0,1,1,0
258,44,167.0,638.5,129.5,49.0,1,5,0
258,5,1488.0,647.5,152.0,62.0,1,7,0
258,45,83.38,526.5,79.12,146.0,1,1,0
259,8,339.0,525.0,112.0,158.0,1,1,0
259,27,1125.0,569.0,56.0,80.0,1,1,0
259,44,175.0,630.5,129.0,53.0,1,5,0
259,5,1496.0,665.5,160.0,48.0,1,7,0
259,45,92.88,527.0,75.25,139.0,1,1,0
260,8,325.5,524.5,105.0,157.0,1,1,0
260,27,1113.0,558.0,46.0,85.0,1,1,0
260,44,182.5,636.0,127.0,48.0,1,5,0
260,5,1502.0,644.0,160.0,60.0,1,7,0
260,45,106.75,525.5,67.5,144.0,1,1,0
261,8,324.25,533.5,102.5,156.0,1,1,0
261,27,1118.0,575.0,52.0,80.0,1,1,0
261,44,203.0,643.5,126.0,49.0,1,5,0
261,5,1520.0,666.5,162.0,49.0,1,7,0
261,45,124.81,534.5,65.94,143.0,1,1,0
262,8,322.0,512.5,90.0,156.0,1,1,0
262,27,1103.0,555.0,66.0,76.0,1,1,0
262,44,208.12,620.0,122.62,51.0,1,5,0
262,5,1530.0,646.0,162.0,48.0,1,7,0
262,45,139.5,512.5,59.5,143.0,1,1,0
263,8,307.0,525.0,96.0,154.0,1,1,0
263,27,1104.0,559.5,48.0,88.0,1,1,0
263,44,223.0,635.0,124.5,47.0,1,5,0
263,5,1540.0,662.5,170.0,55.0,1,7,0
263,45,152.75,521.5,63.0,147.0,1,1,0
264,8,298.5,517.5,96.5,152.0,1,1,0
264,27,1108.0,554.0,28.0,74.0,1,1,0
264,44,241.0,614.0,136.0,63.0,1,5,0
264,5,1558.0,627.5,178.0,60.0,1,7,0
264,45,164.88,518.5,68.25,145.0,1,1,0
265,8,283.75,518.5,96.0,145.0,1,1,0
265,27,1099.0,557.5,40.0,82.0,1,1,0
265,44,233.25,609.5,138.5,66.0,1,5,0
265,5,1562.0,660.5,198.0,50.0,1,7,0
265,45,173.25,519.5,68.0,144.0,1,1,0
265,46,0.22,513.0,24.25,151.0,1,1,0
266,8,285.5,517.0,92.5,148.0,1,1,0
266,27,1098.0,552.5,48.0,83.0,1,1,0
266,44,234.5,607.5,131.5,67.0,1,5,0
266,5,1578.0,650.5,212.0,51.0,1,7,0
266,45,195.25,517.0,74.25,145.0,1,1,0
267,8,275.75,540.0,92.5,151.0,1,1,0
267,27,1086.0,572.5,40.0,84.0,1,1,0
267,44,213.88,635.5,140.62,60.0,1,5,0
267,5,1587.0,670.5,220.0,49.0,1,7,0
267,45,249.5,541.0,42.0,129.0,1,1,0
267,46,0.0,566.0,47.5,118.0,1,1,0
268,8,249.0,509.0,114.0,158.0,1,1,0
268,27,1079.0,560.5,36.0,77.0,1,1,0
268,44,183.5,616.0,126.0,54.0,1,5,0
268,5,1595.0,663.0,206.0,44.0,1,7,0
268,46,0.0,547.5,59.16,109.0,1,1,0
269,8,244.5,500.5,110.0,155.0,1,1,0
269,27,1070.0,544.0,60.0,79.0,1,1,0
269,44,142.75,608.5,127.5,51.0,1,5,0
269,5,1600.0,645.5,222.0,44.0,1,7,0
269,46,0.0,540.0,55.5,105.0,1,1,0
270,8,233.5,525.0,99.5,147.0,1,1,0
270,27,1070.0,563.5,44.0,83.0,1,1,0
270,44,111.25,629.5,125.5,49.0,1,5,0
270,46,7.16,567.5,61.84,99.0,1,1,0
270,43,1624.0,676.0,180.0,40.0,1,7,0
270,45,292.0,525.0,96.0,146.0,1,1,0
271,8,204.38,527.0,109.62,155.0,1,1,0
271,27,1066.0,562.5,46.0,86.0,1,1,0
271,44,62.06,635.5,126.19,51.0,1,5,0
271,46,1.97,592.5,55.09,78.0,1,1,0
271,43,1624.0,676.0,184.0,44.0,1,7,0
271,45,309.0,526.5,103.0,153.0,1,1,0
272,8,188.62,510.0,117.38,156.0,1,1,0
272,27,1045.0,549.5,68.0,82.0,1,1,0
272,44,14.03,621.0,126.97,48.0,1,5,0
272,46,0.0,608.0,55.62,47.0,1,1,0
272,45,325.75,510.0,103.0,152.0,1,1,0
272,5,1626.0,651.5,222.0,46.0,1,7,0
273,8,172.88,511.75,120.12,156.25,1,1,0
273,27,1047.0,559.0,42.0,79.0,1,1,0
273,44,-0.0,615.0,105.06,52.0,1,5,0
273,46,13.64,571.5,47.36,80.0,1,1,0
273,45,351.5,512.5,99.5,155.0,1,1,0
273,43,1632.0,669.0,170.0,43.0,1,7,0
274,8,150.0,529.0,120.0,155.0,1,1,0
274,27,1032.0,560.5,52.0,86.0,1,1,0
274,44,0.0,629.5,66.62,57.0,1,5,0
274,46,28.67,574.0,37.52,85.0,1,1,0
274,45,366.0,527.0,101.5,154.0,1,1,0
274,43,1632.0,666.5,212.0,48.0,1,7,0
275,8,126.0,525.0,116.5,154.0,1,1,0
275,27,1005.5,562.0,48.5,85.0,1,1,0
275,44,0.04,632.0,26.12,45.0,1,5,0
275,46,16.52,569.0,37.98,96.0,1,1,0
275,45,381.5,526.5,96.5,152.0,1,1,0
275,43,1631.0,675.0,170.0,48.0,1,7,0
276,8,109.5,525.0,122.25,155.0,1,1,0
276,27,1005.5,565.0,40.5,76.0,1,1,0
276,46,0.77,573.0,57.23,96.0,1,1,0
276,45,406.0,526.0,93.0,152.0,1,1,0
276,43,1648.0,663.0,178.0,47.0,1,7,0
276,48,1872.0,695.0,22.0,13.0,1,3,0
277,8,92.88,512.0,116.5,154.0,1,1,0
277,27,997.0,553.0,43.0,82.0,1,1,0
277,46,0.08,560.5,46.73,91.0,1,1,0
277,45,421.0,513.0,91.5,153.0,1,1,0
277,43,1648.0,663.0,152.0,50.0,1,7,0
278,8,78.56,511.75,114.94,155.75,1,1,0
278,27,990.5,553.0,44.5,82.0,1,1,0
278,46,0.3,573.0,50.58,81.0,1,1,0
278,45,438.25,518.0,85.75,151.0,1,1,0
278,43,1651.0,654.5,164.0,55.0,1,7,0
279,8,60.56,525.0,116.19,155.0,1,1,0
279,27,975.5,565.0,50.5,81.0,1,1,0
279,46,0.0,573.0,60.44,94.0,1,1,0
279,45,452.25,527.5,78.75,155.0,1,1,0
279,43,1648.0,671.5,162.0,48.0,1,7,0
280,8,45.06,511.75,116.19,154.25,1,1,0
280,27,967.0,556.5,44.0,75.0,1,1,0
280,46,0.0,556.0,52.62,98.0,1,1,0
280,45,455.25,513.0,85.75,157.0,1,1,0
280,43,1642.0,665.5,152.0,44.0,1,7,0
280,5,1730.0,646.5,70.0,64.0,1,7,0
281,8,30.28,521.5,121.84,152.0,1,1,0
281,27,959.0,555.0,50.0,86.0,1,1,0
281,46,2.14,566.0,58.05,94.0,1,1,0
281,45,468.5,523.0,96.0,156.0,1,1,0
281,43,1646.0,664.0,168.0,53.0,1,7,0
282,8,19.66,511.0,120.09,155.0,1,1,0
282,27,950.5,556.0,49.0,80.0,1,1,0
282,46,3.16,554.5,55.62,95.0,1,1,0
282,45,480.5,512.5,106.0,158.0,1,1,0
282,43,1646.0,664.5,176.0,53.0,1,7,0
282,5,1646.0,673.5,114.0,42.0,1,7,0
283,8,3.56,526.0,114.25,155.0,1,1,0
283,27,948.0,564.5,36.0,81.0,1,1,0
283,46,0.0,569.0,37.5,98.0,1,1,0
283,45,493.75,525.0,108.75,160.0,1,1,0
283,43,1640.0,671.0,164.0,48.0,1,7,0
284,8,1.69,521.5,102.94,153.0,1,1,0
284,27,927.0,551.5,54.0,88.0,1,1,0
284,46,0.0,567.5,24.53,95.0,1,1,0
284,45,518.5,523.5,110.0,157.0,1,1,0
285,8,-0.0,503.0,91.13,152.0,1,1,0
285,27,918.5,546.0,44.0,84.0,1,1,0
285,45,541.5,507.25,102.0,158.75,1,1,0
285,49,1642.0,668.0,102.0,46.0,1,5,0
285,50,1710.0,664.0,104.0,51.0,1,1,0
286,8,0.0,525.5,80.0,156.0,1,1,0
286,27,915.0,561.5,44.0,83.0,1,1,0
286,45,566.5,523.5,105.0,164.0,1,1,0
286,50,1701.0,667.5,112.0,50.0,1,1,0
286,5,1647.0,676.0,90.0,41.0,1,7,0
287,8,0.0,524.5,69.75,147.0,1,1,0
287,27,906.0,553.0,53.0,86.0,1,1,0
287,45,589.0,520.5,96.0,161.0,1,1,0
287,50,1718.0,649.5,94.0,71.0,1,1,0
287,5,1657.0,671.0,72.0,50.0,1,7,0
288,8,0.16,521.5,53.87,155.0,1,1,0
288,27,894.5,556.5,66.0,84.0,1,1,0
288,45,608.5,523.5,93.0,160.0,1,1,0
288,5,1645.0,643.0,84.0,79.0,1,7,0
289,8,0.05,523.5,48.52,141.0,1,1,0
289,27,899.5,558.0,34.0,78.0,1,1,0
289,45,628.0,517.5,92.0,160.0,1,1,0
289,5,1648.0,675.0,72.0,44.0,1,7,0
289,50,1716.0,611.0,100.0,107.0,1,1,0
290,8,0.0,580.0,33.41,99.0,1,1,0
290,27,893.0,565.5,43.0,79.0,1,1,0
290,45,645.0,526.0,86.0,162.0,1,1,0
290,5,1647.0,656.0,68.0,69.0,1,7,0
290,50,1688.0,606.5,116.0,115.0,1,1,0
290,46,4.21,567.0,26.07,76.0,1,1,0
291,27,886.5,555.0,44.0,79.0,1,1,0
291,45,661.0,517.0,81.0,164.0,1,1,0
291,50,1622.0,529.0,162.0,189.0,1,1,0
291,46,0.02,560.0,33.92,100.0,1,1,0
291,43,1622.0,660.0,158.0,58.0,1,7,0
292,27,897.0,560.0,55.0,78.0,1,1,0
292,45,677.5,518.0,77.0,165.0,1,1,0
292,50,1614.0,547.5,152.0,175.0,1,1,0
292,46,0.0,554.5,32.41,96.0,1,1,0
292,43,1611.0,673.0,156.0,55.0,1,7,0
293,27,889.5,558.0,52.0,83.0,1,1,0
293,45,688.0,526.0,76.0,165.0,1,1,0
293,46,0.12,569.0,34.0,95.0,1,1,0
293,43,1590.0,659.0,152.0,67.0,1,7,0
294,27,885.0,558.0,58.0,83.0,1,1,0
294,45,700.5,525.0,79.0,163.0,1,1,0
294,46,0.0,568.5,38.94,92.0,1,1,0
294,50,1578.0,669.5,146.0,55.0,1,1,0
295,27,886.5,561.0,38.0,77.0,1,1,0
295,45,708.5,517.5,81.0,167.0,1,1,0
295,46,0.0,555.0,39.03,92.0,1,1,0
295,5,1627.0,677.0,86.0,46.0,1,7,0
295,43,1551.0,684.0,116.0,44.0,1,7,0
296,27,892.5,553.0,45.0,78.0,1,1,0
296,45,724.0,513.0,88.0,172.0,1,1,0
296,46,0.0,560.0,51.25,98.0,1,1,0
296,43,1535.0,663.0,172.0,56.0,1,7,0
297,27,878.0,567.0,43.0,84.0,1,1,0
297,45,739.0,533.5,94.0,170.0,1,1,0
297,46,0.12,573.0,43.5,94.0,1,1,0
297,43,1516.0,679.0,138.0,61.0,1,7,0
297,50,1570.0,634.0,110.0,105.0,1,1,0
298,27,874.5,551.0,41.0,78.0,1,1,0
298,45,750.0,509.75,101.0,171.25,1,1,0
298,46,0.45,543.5,47.67,97.0,1,1,0
298,43,1503.0,666.5,166.0,59.0,1,7,0
299,27,885.0,561.0,46.0,81.0,1,1,0
299,45,774.5,525.5,104.0,171.0,1,1,0
299,46,1.03,570.5,49.38,94.0,1,1,0
299,43,1492.0,666.5,178.0,65.0,1,7,0
300,27,870.5,548.5,53.0,87.0,1,1,0
300,45,796.5,514.5,104.0,174.0,1,1,0
300,46,0.34,550.0,43.0,98.0,1,1,0
300,43,1479.0,675.0,184.0,55.0,1,7,0
300,50,1555.0,674.0,106.0,51.0,1,1,0
