1,1,1533.0,506.25,36.0,73.25,1,1,0
1,2,878.5,513.5,13.0,16.0,1,6,0
2,1,1523.0,495.5,38.0,75.0,1,1,0
2,2,876.5,510.0,13.0,16.0,1,6,0
3,1,1514.0,509.75,36.0,75.75,1,1,0
3,2,873.5,517.0,13.0,16.0,1,6,0
4,1,1497.0,513.5,38.0,73.0,1,1,0
4,2,868.5,514.0,14.0,16.0,1,6,0
5,1,1479.0,507.25,38.0,73.75,1,1,0
5,2,862.5,510.5,15.0,16.0,1,6,0
5,4,931.0,519.5,20.0,9.0,1,5,0
6,1,1471.0,510.0,32.0,74.0,1,1,0
6,4,924.0,524.5,20.0,9.0,1,5,0
7,1,1458.0,523.5,36.0,77.0,1,1,0
7,4,922.0,540.0,21.0,9.0,1,5,0
7,5,1842.0,546.5,28.0,10.0,1,5,0
7,2,853.0,532.0,13.0,16.0,1,6,0
8,1,1451.0,537.0,36.0,76.0,1,1,0
8,4,924.0,549.0,22.0,10.0,1,5,0
8,5,1843.0,561.5,28.0,10.0,1,5,0
9,1,1438.0,517.5,42.0,74.0,1,1,0
9,4,929.5,528.0,21.0,9.0,1,5,0
9,2,861.5,520.0,12.0,16.0,1,6,0
10,1,1429.0,493.5,40.0,74.0,1,1,0
10,4,930.0,513.0,21.0,9.0,1,5,0
11,1,1411.0,501.0,42.0,74.0,1,1,0
11,4,927.0,520.5,21.0,9.0,1,5,0
11,5,1839.0,520.0,30.0,10.0,1,5,0
12,1,1397.0,508.0,40.0,75.0,1,1,0
12,4,924.0,524.5,22.0,9.0,1,5,0
12,8,855.5,516.0,14.0,16.0,1,1,0
12,5,1836.0,534.0,28.0,10.0,1,5,0
13,1,1389.0,519.0,36.0,76.0,1,1,0
13,4,923.5,527.5,23.0,9.0,1,5,0
13,5,1836.0,547.0,30.0,9.0,1,5,0
13,2,855.5,519.0,14.0,16.0,1,6,0
14,1,1381.0,521.0,36.0,77.0,1,1,0
14,4,926.0,528.5,23.0,9.0,1,5,0
14,5,1837.0,548.5,28.0,9.0,1,5,0
14,8,856.5,518.0,15.0,18.0,1,1,0
15,1,1372.0,513.0,38.0,77.0,1,1,0
15,4,928.0,527.5,24.0,10.0,1,5,0
15,9,1019.5,514.0,15.5,14.0,1,1,0
15,8,859.0,520.0,15.0,18.0,1,1,0
16,1,1364.0,513.5,36.0,77.0,1,1,0
16,4,929.0,529.5,23.0,10.0,1,5,0
16,9,1016.0,514.5,15.0,14.0,1,1,0
16,8,859.5,521.0,15.0,20.0,1,1,0
16,5,1835.0,528.5,30.0,10.0,1,5,0
17,1,1355.0,521.0,38.0,80.0,1,1,0
17,4,930.0,532.5,22.0,10.0,1,5,0
17,9,1014.0,519.0,15.0,13.0,1,1,0
17,8,860.0,525.0,15.0,18.0,1,1,0
17,5,1834.0,543.0,30.0,10.0,1,5,0
18,1,1353.0,514.0,40.0,79.0,1,1,0
18,4,937.0,527.5,22.0,9.0,1,5,0
18,9,1016.0,512.5,15.0,14.0,1,1,0
18,5,1840.0,538.0,28.0,9.0,1,5,0
19,1,1351.0,508.75,40.0,77.25,1,1,0
19,4,943.0,524.5,23.0,10.0,1,5,0
19,9,1019.5,510.0,14.5,14.0,1,1,0
19,5,1844.0,533.5,30.0,9.0,1,5,0
19,8,873.0,513.5,15.0,20.0,1,1,0
20,1,1344.0,504.75,40.0,78.75,1,1,0
20,4,947.5,523.5,23.0,10.0,1,5,0
20,9,1022.0,509.75,14.0,13.25,1,1,0
20,5,1845.0,531.0,32.0,9.0,1,5,0
20,8,876.5,514.0,15.0,19.0,1,1,0
21,1,1333.0,511.25,40.0,79.25,1,1,0
21,4,951.0,529.0,22.0,10.0,1,5,0
21,9,1022.0,515.0,14.0,13.0,1,1,0
21,5,1848.0,540.5,30.0,10.0,1,5,0
21,8,879.5,519.5,15.0,18.0,1,1,0
22,1,1327.0,518.5,38.0,81.0,1,1,0
22,4,956.0,531.5,21.0,9.0,1,5,0
22,9,1022.5,517.5,12.5,14.0,1,1,0
22,5,1851.0,556.0,30.0,10.0,1,5,0
22,8,884.5,522.0,13.0,18.0,1,1,0
23,1,1321.0,517.0,40.0,80.0,1,1,0
23,4,963.5,528.5,23.0,10.0,1,5,0
23,9,1028.0,514.5,14.0,13.0,1,1,0
23,5,1857.0,550.0,30.0,9.0,1,5,0
23,8,893.0,519.0,15.0,18.0,1,1,0
24,1,1321.0,501.75,38.0,81.25,1,1,0
24,4,972.5,519.0,25.0,10.0,1,5,0
24,9,1032.0,503.5,14.0,15.5,1,1,0
24,5,1867.0,522.0,30.0,10.0,1,5,0
24,8,902.5,511.5,16.0,19.0,1,1,0
25,1,1314.0,499.5,40.0,82.0,1,1,0
25,4,983.0,520.5,21.0,10.0,1,5,0
25,9,1035.0,505.5,14.0,14.0,1,1,0
25,5,1872.0,513.0,30.0,10.0,1,5,0
25,8,908.5,515.0,15.0,18.0,1,1,0
26,1,1305.0,507.0,44.0,82.0,1,1,0
26,4,982.5,520.0,23.0,10.0,1,5,0
26,9,1037.0,505.0,12.0,14.0,1,1,0
26,5,1871.0,529.5,32.0,10.0,1,5,0
26,8,911.0,511.5,15.0,20.0,1,1,0
27,1,1297.0,515.0,40.0,83.0,1,1,0
27,4,986.0,529.0,22.0,10.0,1,5,0
27,9,1035.0,515.5,12.0,11.0,1,1,0
27,5,1873.0,543.0,30.0,9.0,1,5,0
27,8,913.0,518.5,14.0,19.0,1,1,0
28,1,1289.0,530.0,40.0,82.0,1,1,0
28,4,987.0,541.0,22.0,10.0,1,5,0
28,8,916.5,531.5,13.0,17.0,1,1,0
29,1,1284.0,517.0,40.0,82.0,1,1,0
29,4,993.0,533.0,24.0,10.0,1,5,0
29,8,921.5,524.5,15.0,17.0,1,1,0
29,9,1036.0,519.0,12.0,12.0,1,1,0
29,5,1878.0,544.5,36.0,9.0,1,5,0
30,1,1280.0,513.0,42.0,82.0,1,1,0
30,4,1001.0,532.5,23.0,10.0,1,5,0
30,8,929.5,523.5,15.0,18.0,1,1,0
30,9,1040.0,518.5,14.0,12.0,1,1,0
30,5,1885.0,537.5,26.0,9.0,1,5,0
31,1,1271.0,499.0,46.0,83.0,1,1,0
31,8,936.5,516.0,16.0,18.0,1,1,0
31,9,1044.0,508.25,12.0,13.75,1,1,0
31,5,1891.0,517.0,28.0,11.0,1,5,0
32,1,1267.0,496.25,46.0,84.75,1,1,0
32,8,944.0,512.0,16.0,19.0,1,1,0
32,9,1046.0,504.0,14.0,13.0,1,1,0
32,5,1896.0,513.0,24.0,12.0,1,5,0
33,1,1263.0,510.5,42.0,86.0,1,1,0
33,8,952.0,515.0,15.0,17.0,1,1,0
33,9,1052.0,509.25,12.0,12.75,1,1,0
33,5,1902.0,545.5,18.0,15.0,1,5,0
34,1,1262.0,510.5,46.0,86.0,1,1,0
34,8,962.5,514.5,15.0,19.0,1,1,0
34,9,1060.0,511.25,12.0,11.75,1,1,0
34,5,1908.0,542.0,12.0,12.0,1,5,0
34,4,1035.0,524.5,24.0,10.0,1,5,0
35,1,1262.0,503.5,48.0,87.0,1,1,0
35,8,971.0,512.5,14.0,19.0,1,1,0
35,9,1064.0,506.75,12.0,13.75,1,1,0
36,1,1262.0,509.25,44.0,88.75,1,1,0
36,8,978.5,521.5,15.0,20.0,1,1,0
36,9,1067.0,515.0,12.0,11.0,1,1,0
37,1,1256.0,515.0,46.0,88.0,1,1,0
37,8,989.0,529.5,15.0,17.0,1,1,0
37,9,1065.0,520.0,20.0,26.0,1,1,0
37,11,1571.0,530.5,16.0,15.0,1,1,0
38,1,1259.0,511.0,46.0,87.0,1,1,0
38,8,1001.5,524.0,15.0,18.0,1,1,0
38,9,1075.0,515.5,22.0,27.0,1,1,0
38,11,1577.0,528.5,18.0,15.0,1,1,0
39,1,1256.0,505.25,46.0,88.25,1,1,0
39,8,1011.0,518.5,17.0,21.0,1,1,0
39,9,1085.0,512.5,24.0,27.0,1,1,0
39,11,1585.0,525.0,14.0,17.0,1,1,0
40,1,1248.0,491.5,46.0,87.0,1,1,0
40,8,1018.5,503.5,15.5,21.0,1,1,0
40,9,1094.0,497.75,20.0,28.25,1,1,0
40,11,1584.0,505.25,16.0,17.25,1,1,0
41,1,1233.0,499.5,48.0,87.0,1,1,0
41,8,1021.5,505.5,15.5,21.0,1,1,0
41,9,1095.0,502.5,22.0,25.0,1,1,0
41,11,1581.0,518.0,16.0,16.0,1,1,0
42,1,1220.0,499.25,52.0,86.75,1,1,0
42,8,1025.0,507.25,16.0,17.75,1,1,0
42,9,1098.0,500.25,22.0,25.25,1,1,0
42,11,1579.0,514.5,18.0,18.0,1,1,0
43,1,1218.0,518.0,54.0,88.0,1,1,0
43,8,1039.0,522.0,16.0,19.0,1,1,0
43,9,1113.0,518.0,20.0,26.0,1,1,0
43,11,1585.0,536.0,16.0,16.0,1,1,0
44,1,1223.0,528.0,58.0,89.0,1,1,0
44,8,1058.0,537.5,14.0,18.0,1,1,0
44,11,1596.0,544.0,16.0,16.0,1,1,0
45,1,1237.0,535.5,50.0,89.0,1,1,0
45,11,1608.0,552.0,16.0,13.0,1,1,0
46,1,1248.0,511.75,44.0,89.75,1,1,0
46,11,1624.0,520.5,14.0,18.0,1,1,0
46,9,1143.0,519.0,12.0,13.0,1,1,0
47,1,1249.0,503.0,48.0,89.0,1,1,0
47,11,1632.0,513.0,14.0,16.0,1,1,0
47,9,1154.0,509.5,12.0,12.0,1,1,0
48,1,1244.0,500.25,50.0,90.75,1,1,0
48,11,1634.0,518.5,16.0,16.0,1,1,0
48,9,1161.0,506.5,12.0,13.0,1,1,0
49,1,1239.0,509.5,50.0,92.0,1,1,0
49,11,1641.0,533.5,14.0,15.0,1,1,0
49,9,1167.0,517.0,12.0,12.0,1,1,0
50,1,1240.0,512.0,46.0,93.0,1,1,0
50,9,1177.0,521.0,12.0,12.0,1,1,0
51,1,1246.0,511.75,46.0,93.25,1,1,0
51,9,1188.0,521.5,12.0,14.0,1,1,0
52,1,1245.0,518.0,50.0,93.0,1,1,0
52,9,1200.0,524.5,10.0,11.0,1,1,0
52,11,1664.0,534.5,16.0,16.0,1,1,0
52,8,1173.0,530.0,16.0,19.0,1,1,0
53,1,1241.0,520.0,56.0,93.0,1,1,0
53,9,1210.0,524.5,12.0,11.0,1,1,0
53,8,1187.0,528.0,18.0,23.0,1,1,0
54,1,1243.0,511.5,58.0,95.0,1,1,0
54,9,1220.0,516.0,10.0,11.0,1,1,0
54,8,1201.0,522.5,14.0,19.0,1,1,0
54,11,1679.0,522.0,16.0,17.0,1,1,0
55,1,1243.0,507.0,56.0,96.0,1,1,0
55,9,1225.0,512.5,8.0,11.0,1,1,0
55,8,1211.0,521.0,14.0,17.0,1,1,0
55,11,1686.0,519.0,10.0,20.0,1,1,0
56,1,1241.0,507.75,54.0,97.25,1,1,0
56,8,1219.0,517.0,16.0,26.0,1,1,0
56,11,1683.0,525.5,16.0,18.0,1,1,0
57,1,1236.0,524.5,48.0,96.0,1,1,0
57,8,1225.0,526.5,16.0,32.0,1,1,0
58,1,1227.0,533.5,50.0,96.0,1,1,0
58,11,1678.0,555.0,16.0,20.0,1,1,0
59,1,1218.0,532.0,52.0,95.0,1,1,0
59,11,1678.0,549.5,14.0,17.0,1,1,0
60,1,1197.0,516.0,60.0,97.0,1,1,0
60,8,1235.0,530.0,14.0,18.0,1,1,0
61,1,1184.0,504.0,60.0,97.0,1,1,0
61,8,1234.0,517.5,14.0,19.0,1,1,0
62,1,1169.0,506.5,56.0,98.0,1,1,0
62,8,1227.0,521.5,16.0,17.0,1,1,0
63,1,1147.0,505.5,50.0,100.0,1,1,0
63,8,1217.0,522.0,16.0,19.0,1,1,0
63,9,1196.0,513.0,10.0,11.0,1,1,0
64,1,1122.0,517.0,50.0,99.0,1,1,0
64,8,1205.0,532.5,16.0,20.0,1,1,0
65,1,1099.0,527.0,52.0,99.0,1,1,0
65,8,1194.0,543.0,16.0,20.0,1,1,0
65,9,1165.0,534.0,10.0,12.0,1,1,0
66,1,1072.0,532.5,50.0,97.0,1,1,0
66,8,1183.0,547.5,16.0,20.0,1,1,0
67,1,1049.0,511.5,50.0,99.0,1,1,0
67,9,1171.0,527.0,14.0,20.0,1,1,0
68,1,1018.0,499.25,50.0,98.25,1,1,0
68,9,1155.0,512.5,16.0,23.0,1,1,0
69,1,978.0,504.75,55.0,98.75,1,1,0
69,9,1086.0,513.0,12.0,13.0,1,1,0
69,8,1134.0,521.0,16.0,19.0,1,1,0
70,1,935.0,512.0,52.0,98.0,1,1,0
70,8,1106.0,529.0,18.0,21.0,1,1,0
71,1,892.5,523.0,52.0,98.0,1,1,0
71,13,1857.0,538.0,46.0,95.0,1,1,0
72,1,853.5,515.0,55.0,99.0,1,1,0
72,13,1816.0,532.5,54.0,97.0,1,1,0
72,9,1056.0,535.0,18.0,19.0,1,1,0
73,1,816.5,518.5,56.0,97.0,1,1,0
73,13,1786.0,520.5,58.0,99.0,1,1,0
73,9,1035.0,531.0,16.0,21.0,1,1,0
74,1,777.5,509.25,55.0,98.75,1,1,0
74,13,1761.0,508.0,48.0,96.0,1,1,0
74,9,1007.5,519.0,16.5,22.0,1,1,0
75,1,731.0,498.25,52.0,99.25,1,1,0
75,13,1713.0,494.75,54.0,97.75,1,1,0
75,9,975.0,510.0,17.0,20.0,1,1,0
75,15,1057.0,520.0,20.0,9.0,1,5,0
76,1,677.5,511.25,53.0,97.75,1,1,0
76,13,1667.0,511.75,50.0,96.25,1,1,0
76,15,1018.5,530.5,24.5,10.0,1,5,0
77,1,630.5,520.0,49.0,93.0,1,1,0
77,13,1618.0,518.5,46.0,96.0,1,1,0
77,15,981.0,537.5,23.0,10.0,1,5,0
78,1,580.5,520.0,45.0,97.0,1,1,0
78,13,1565.0,527.0,50.0,96.0,1,1,0
78,15,945.0,543.0,20.0,10.0,1,5,0
79,1,534.0,514.5,44.0,97.0,1,1,0
79,13,1517.0,524.0,52.0,96.0,1,1,0
79,15,906.0,540.5,23.0,9.0,1,5,0
79,9,826.0,530.5,17.0,19.0,1,1,0
80,1,488.0,510.75,48.0,100.25,1,1,0
80,13,1474.0,511.25,50.0,97.75,1,1,0
80,15,878.0,533.5,25.0,9.0,1,5,0
80,9,797.0,525.0,17.0,18.0,1,1,0
81,1,435.0,511.0,58.5,99.0,1,1,0
81,13,1431.0,515.5,50.0,98.0,1,1,0
81,15,849.0,534.5,26.0,9.0,1,5,0
81,9,768.0,527.0,16.0,17.0,1,1,0
82,1,390.0,514.0,61.0,100.0,1,1,0
82,13,1389.0,515.5,54.0,98.0,1,1,0
82,15,822.5,537.0,24.0,9.0,1,5,0
82,9,740.5,529.5,18.0,17.0,1,1,0
83,1,351.0,513.5,61.0,101.0,1,1,0
83,13,1334.0,509.75,66.0,98.75,1,1,0
83,15,795.0,535.5,25.0,9.0,1,5,0
83,9,714.0,528.0,16.0,18.0,1,1,0
83,8,991.5,524.0,13.0,16.0,1,1,0
84,1,314.5,504.5,55.5,104.0,1,1,0
84,13,1288.0,501.25,70.0,99.25,1,1,0
84,15,768.5,527.5,26.0,10.0,1,5,0
84,9,688.0,519.0,16.0,20.0,1,1,0
84,8,959.5,516.5,12.0,16.0,1,1,0
85,1,275.5,503.25,55.0,102.25,1,1,0
85,13,1248.0,498.0,66.0,101.0,1,1,0
85,15,744.5,524.5,24.0,9.0,1,5,0
85,9,664.0,517.0,17.0,18.0,1,1,0
86,1,235.5,496.75,59.5,102.25,1,1,0
86,13,1220.0,511.75,50.0,101.75,1,1,0
86,15,725.0,527.5,25.0,10.0,1,5,0
86,9,643.0,518.0,18.0,19.0,1,1,0
87,1,206.5,509.0,56.5,99.0,1,1,0
87,13,1178.0,515.5,54.0,103.0,1,1,0
87,15,705.0,535.0,25.0,9.0,1,5,0
87,9,624.5,526.5,17.0,17.0,1,1,0
88,1,186.25,520.0,43.75,95.0,1,1,0
88,13,1136.0,509.5,60.0,103.0,1,1,0
88,15,687.5,536.5,24.0,10.0,1,5,0
88,9,607.0,529.0,18.0,18.0,1,1,0
88,8,844.5,528.5,15.0,14.0,1,1,0
89,1,146.12,516.5,51.0,97.0,1,1,0
89,13,1094.0,501.25,68.0,103.25,1,1,0
89,15,671.5,531.0,25.0,11.0,1,5,0
89,9,591.0,524.5,15.0,19.0,1,1,0
89,8,823.0,523.5,14.0,13.0,1,1,0
90,1,115.62,502.75,49.75,102.75,1,1,0
90,13,1057.0,500.5,72.0,103.0,1,1,0
90,15,657.0,527.0,26.0,10.0,1,5,0
90,9,577.0,518.5,17.0,21.0,1,1,0
90,8,801.5,520.0,15.0,14.0,1,1,0
91,1,82.62,495.0,55.0,103.0,1,1,0
91,13,1030.0,506.25,68.0,103.25,1,1,0
91,15,647.0,526.0,28.0,10.0,1,5,0
91,9,568.5,516.5,16.0,20.0,1,1,0
91,8,784.0,519.5,15.0,14.0,1,1,0
91,16,989.5,522.5,16.0,15.0,1,1,0
92,1,56.81,499.5,60.62,100.0,1,1,0
92,13,1015.0,510.75,58.0,102.75,1,1,0
92,15,644.0,528.0,26.0,11.0,1,5,0
92,9,563.0,518.5,19.0,20.0,1,1,0
92,8,772.0,522.5,16.0,13.0,1,1,0
92,16,977.5,525.0,16.0,15.0,1,1,0
93,1,52.88,521.0,43.0,87.0,1,1,0
93,13,977.5,507.0,65.5,104.0,1,1,0
93,15,638.5,529.5,27.0,11.0,1,5,0
93,9,559.0,519.0,17.0,21.0,1,1,0
93,8,760.5,523.5,15.0,13.0,1,1,0
93,16,967.0,524.0,16.0,14.0,1,1,0
94,1,18.2,518.5,59.86,105.0,1,1,0
94,13,948.5,503.5,69.0,104.0,1,1,0
94,15,635.0,530.5,28.0,12.0,1,5,0
94,9,555.5,524.0,16.0,21.0,1,1,0
94,8,750.0,522.5,15.0,13.0,1,1,0
95,1,2.59,521.0,54.13,95.0,1,1,0
95,13,921.5,500.5,74.0,106.0,1,1,0
95,9,553.0,521.5,16.0,19.0,1,1,0
95,8,742.5,521.0,14.0,13.0,1,1,0
96,1,0.81,487.25,40.0,121.75,1,1,0
96,13,908.0,507.25,63.0,105.25,1,1,0
96,9,551.5,519.5,16.0,21.0,1,1,0
96,8,734.5,521.5,13.0,14.0,1,1,0
97,1,0.0,482.0,25.86,118.0,1,1,0
97,13,884.0,509.5,67.0,107.0,1,1,0
97,9,554.5,520.5,17.0,20.0,1,1,0
97,8,728.5,522.5,16.0,15.0,1,1,0
97,16,939.5,527.0,12.0,15.0,1,1,0
97,15,632.5,529.5,26.0,11.0,1,5,0
98,1,-0.0,484.75,19.19,113.75,1,1,0
98,13,867.5,503.5,70.0,108.0,1,1,0
98,8,730.0,518.5,16.0,17.0,1,1,0
98,16,937.5,523.5,16.0,16.0,1,1,0
99,1,0.0,505.5,21.41,110.0,1,1,0
99,13,860.5,502.5,71.0,107.0,1,1,0
99,8,739.0,524.0,16.0,16.0,1,1,0
99,16,944.5,524.5,17.0,15.0,1,1,0
99,9,580.0,524.5,16.0,20.0,1,1,0
99,15,660.5,532.5,25.0,11.0,1,5,0
100,1,-0.0,501.25,21.0,108.75,1,1,0
100,13,850.0,492.25,75.0,107.25,1,1,0
100,8,751.0,515.0,15.0,15.0,1,1,0
100,9,598.0,514.0,16.0,22.0,1,1,0
101,1,0.0,511.0,18.98,103.0,1,1,0
101,13,838.5,498.25,79.0,107.25,1,1,0
101,8,760.5,519.0,15.0,15.0,1,1,0
101,9,614.5,521.0,15.0,20.0,1,1,0
101,16,964.5,516.5,19.0,16.0,1,1,0
102,1,0.0,501.75,16.22,100.25,1,1,0
102,13,829.0,505.5,75.0,106.0,1,1,0
102,8,772.5,520.5,15.0,14.0,1,1,0
102,9,632.0,521.0,16.0,20.0,1,1,0
102,16,978.0,521.5,16.0,14.0,1,1,0
103,1,0.0,518.0,18.86,99.0,1,1,0
103,13,833.0,520.5,71.0,105.0,1,1,0
103,8,791.5,534.5,12.0,13.0,1,1,0
103,16,993.5,533.0,17.0,16.0,1,1,0
104,1,0.0,498.75,28.62,102.25,1,1,0
104,13,837.5,512.0,72.0,108.0,1,1,0
104,8,812.5,527.0,13.0,14.0,1,1,0
104,16,1017.5,526.5,15.5,18.0,1,1,0
104,9,684.5,523.5,16.0,21.0,1,1,0
105,1,1.77,504.25,43.05,93.75,1,1,0
105,13,848.5,511.5,70.0,108.0,1,1,0
105,8,837.5,528.0,14.0,12.0,1,1,0
106,1,8.58,489.5,58.23,109.0,1,1,0
106,13,871.5,505.5,61.0,109.0,1,1,0
106,8,871.5,521.0,15.0,14.0,1,1,0
107,1,34.31,505.5,55.88,103.0,1,1,0
107,13,894.0,497.5,63.0,107.0,1,1,0
108,1,53.25,516.5,52.5,99.0,1,1,0
108,13,911.0,501.5,66.0,108.0,1,1,0
108,8,835.5,518.0,17.0,21.0,1,1,0
109,1,62.22,496.25,52.03,99.25,1,1,0
109,13,919.0,494.5,62.0,110.0,1,1,0
109,16,958.0,514.5,16.0,19.0,1,1,0
110,1,75.19,489.5,50.75,100.0,1,1,0
110,13,929.0,495.0,60.0,110.0,1,1,0
110,16,982.0,516.5,23.0,18.0,1,1,0
111,1,93.38,496.5,49.38,102.0,1,1,0
111,13,948.5,507.0,60.0,111.0,1,1,0
111,16,1013.5,529.0,27.5,18.0,1,1,0
111,8,934.5,527.5,16.0,20.0,1,1,0
112,1,111.81,510.0,50.94,100.0,1,1,0
112,13,970.0,525.5,62.0,109.0,1,1,0
112,16,1048.0,544.0,14.0,15.0,1,1,0
112,17,1451.0,556.0,28.0,11.0,1,5,0
113,1,131.38,505.0,59.25,103.0,1,1,0
113,13,1000.5,516.5,54.5,107.0,1,1,0
113,16,1087.0,533.5,14.0,14.0,1,1,0
113,8,1029.0,532.0,12.0,20.0,1,1,0
114,13,1029.0,502.75,56.0,110.25,1,1,0
114,16,1127.0,520.5,14.0,14.0,1,1,0
114,8,1069.0,519.5,16.0,19.0,1,1,0
115,13,1052.0,489.75,58.0,110.25,1,1,0
115,16,1161.0,507.75,14.0,12.25,1,1,0
115,8,1110.0,507.25,16.0,18.75,1,1,0
115,1,205.0,535.5,39.0,63.0,1,1,0
116,13,1073.0,491.75,58.0,112.75,1,1,0
116,16,1197.0,513.0,12.0,13.0,1,1,0
116,8,1148.0,515.5,16.0,18.0,1,1,0
116,1,216.12,489.5,48.88,102.0,1,1,0
117,13,1089.0,501.25,58.0,110.25,1,1,0
117,16,1223.0,526.5,12.0,11.0,1,1,0
117,8,1182.0,524.0,18.0,22.0,1,1,0
117,1,232.25,497.75,50.5,93.25,1,1,0
118,13,1109.0,507.25,56.0,108.75,1,1,0
118,16,1248.0,531.5,12.0,14.0,1,1,0
118,8,1219.0,530.5,18.0,21.0,1,1,0
118,1,242.88,493.75,62.87,100.75,1,1,0
119,13,1125.0,510.75,56.0,108.25,1,1,0
119,16,1278.0,533.5,12.0,13.0,1,1,0
119,8,1254.0,531.5,18.0,22.0,1,1,0
119,1,272.5,495.0,56.0,104.0,1,1,0
119,17,1335.0,546.5,26.0,8.0,1,5,0
120,13,1141.0,501.25,58.0,109.75,1,1,0
120,16,1292.0,520.0,18.0,22.0,1,1,0
120,8,1310.0,520.0,10.0,15.0,1,1,0
120,1,292.0,499.25,58.0,103.75,1,1,0
120,17,1373.0,533.0,28.0,9.0,1,5,0
121,13,1157.0,502.25,58.0,109.25,1,1,0
121,8,1329.0,523.0,18.0,21.0,1,1,0
121,1,317.0,504.5,52.5,101.0,1,1,0
121,17,1411.0,534.5,26.0,9.0,1,5,0
122,13,1172.0,504.0,58.0,110.0,1,1,0
122,8,1363.0,528.0,16.0,19.0,1,1,0
122,1,339.25,504.5,48.0,100.0,1,1,0
122,17,1446.0,536.0,24.0,10.0,1,5,0
123,13,1186.0,503.5,58.0,111.0,1,1,0
123,8,1392.0,524.0,18.0,24.0,1,1,0
123,1,354.75,493.5,47.5,101.0,1,1,0
123,17,1475.0,537.5,24.0,10.0,1,5,0
124,13,1194.0,502.0,60.0,112.0,1,1,0
124,8,1422.0,526.5,18.0,21.0,1,1,0
124,1,365.0,484.0,50.0,102.0,1,1,0
124,17,1504.0,538.0,26.0,10.0,1,5,0
124,16,1407.0,525.0,14.0,14.0,1,1,0
125,13,1203.0,504.0,62.0,112.0,1,1,0
125,8,1448.0,525.5,18.0,23.0,1,1,0
125,1,377.25,491.5,50.0,102.0,1,1,0
125,17,1531.0,538.5,26.0,9.0,1,5,0
125,16,1425.0,525.0,16.0,15.0,1,1,0
126,13,1216.0,510.5,62.0,110.0,1,1,0
126,8,1479.0,529.5,16.0,19.0,1,1,0
126,1,385.75,510.75,55.5,95.25,1,1,0
126,17,1560.0,538.5,26.0,9.0,1,5,0
126,16,1447.0,526.0,14.0,14.0,1,1,0
126,20,1651.0,530.0,14.0,12.0,1,1,0
127,13,1223.0,515.0,60.0,110.0,1,1,0
127,8,1504.0,533.0,18.0,23.0,1,1,0
127,1,393.25,505.75,62.0,97.25,1,1,0
127,17,1590.0,547.0,20.0,8.0,1,5,0
127,16,1467.0,531.5,14.0,16.0,1,1,0
127,20,1668.0,535.5,16.0,14.0,1,1,0
128,13,1230.0,508.75,60.0,108.25,1,1,0
128,8,1529.0,532.0,16.0,19.0,1,1,0
128,1,411.0,492.75,55.5,95.75,1,1,0
128,17,1610.0,544.0,28.0,9.0,1,5,0
128,16,1482.0,529.0,14.0,15.0,1,1,0
128,20,1686.0,535.0,16.0,13.0,1,1,0
129,13,1229.0,496.0,56.0,111.0,1,1,0
129,8,1546.0,521.0,16.0,22.0,1,1,0
129,1,420.25,479.5,49.5,96.0,1,1,0
129,17,1631.0,535.5,24.0,9.0,1,5,0
129,16,1495.0,515.0,14.0,20.0,1,1,0
129,20,1701.0,525.0,12.0,16.0,1,1,0
130,13,1219.0,502.25,58.0,112.25,1,1,0
130,8,1555.0,529.0,16.0,22.0,1,1,0
130,1,421.5,484.75,44.0,99.25,1,1,0
130,17,1638.0,542.0,26.0,11.0,1,5,0
131,13,1206.0,504.25,62.0,112.25,1,1,0
131,8,1561.0,525.5,16.0,21.0,1,1,0
131,1,409.75,500.25,48.5,98.75,1,1,0
131,17,1644.0,536.5,28.0,10.0,1,5,0
131,16,1492.0,516.0,18.0,23.0,1,1,0
131,20,1699.0,522.5,14.0,18.0,1,1,0
132,13,1193.0,513.5,62.0,112.0,1,1,0
132,8,1569.0,530.0,16.0,23.0,1,1,0
132,1,403.25,511.5,47.0,99.0,1,1,0
132,17,1653.0,542.0,26.0,10.0,1,5,0
132,16,1511.0,521.5,10.0,13.0,1,1,0
132,20,1699.0,529.0,14.0,16.0,1,1,0
133,13,1184.0,510.0,60.0,113.0,1,1,0
133,8,1577.0,531.0,16.0,21.0,1,1,0
133,1,396.0,507.5,47.0,99.0,1,1,0
133,17,1658.0,541.5,28.0,10.0,1,5,0
133,16,1493.0,520.5,14.0,23.0,1,1,0
133,20,1698.0,527.5,14.0,17.0,1,1,0
134,13,1171.0,514.0,60.0,113.0,1,1,0
134,8,1583.0,540.0,16.0,19.0,1,1,0
134,1,388.5,511.0,49.0,95.0,1,1,0
134,17,1665.0,549.5,30.0,10.0,1,5,0
134,16,1489.0,530.0,18.0,21.0,1,1,0
134,20,1698.0,535.0,14.0,18.0,1,1,0
135,13,1160.0,506.0,50.0,112.0,1,1,0
135,8,1590.0,530.5,16.0,24.0,1,1,0
135,1,375.5,496.0,54.5,96.0,1,1,0
135,17,1675.0,543.5,30.0,13.0,1,5,0
135,16,1490.0,523.5,14.0,23.0,1,1,0
135,20,1701.0,532.5,10.0,17.0,1,1,0
136,13,1143.0,500.25,56.0,112.75,1,1,0
136,8,1590.0,529.5,18.0,21.0,1,1,0
136,1,358.25,491.5,59.5,93.0,1,1,0
136,17,1674.0,539.5,30.0,13.0,1,5,0
136,16,1482.0,527.5,14.0,14.0,1,1,0
137,13,1119.0,492.5,50.0,113.0,1,1,0
137,8,1585.0,523.0,16.0,21.0,1,1,0
137,1,338.5,487.0,62.5,94.0,1,1,0
137,17,1670.0,533.0,26.0,13.0,1,5,0
137,16,1470.0,520.5,12.0,14.0,1,1,0
138,13,1088.0,480.0,50.0,112.0,1,1,0
138,8,1571.0,509.0,18.0,21.0,1,1,0
138,1,323.75,492.0,53.0,81.0,1,1,0
138,17,1656.0,518.5,28.0,13.0,1,5,0
138,16,1447.0,505.75,14.0,14.25,1,1,0
139,13,1050.0,487.5,52.0,112.0,1,1,0
139,8,1555.0,514.5,18.0,20.0,1,1,0
139,1,299.25,508.75,48.5,71.75,1,1,0
139,17,1640.0,522.5,28.0,11.0,1,5,0
139,16,1423.0,510.75,12.0,13.75,1,1,0
140,13,1008.5,488.5,53.5,113.0,1,1,0
140,8,1534.0,515.5,18.0,20.0,1,1,0
140,1,272.5,512.5,43.0,68.0,1,1,0
140,17,1621.0,525.0,26.0,10.0,1,5,0
140,16,1393.0,511.5,12.0,13.0,1,1,0
140,20,1603.0,514.0,12.0,14.0,1,1,0
141,13,967.5,521.0,54.0,113.0,1,1,0
141,8,1512.0,548.5,18.0,21.0,1,1,0
141,1,249.5,559.5,30.0,42.0,1,1,0
141,17,1599.0,559.5,24.0,11.0,1,5,0
141,16,1361.0,541.0,14.0,16.0,1,1,0
141,20,1571.0,547.5,14.0,14.0,1,1,0
142,13,931.5,534.0,54.0,111.0,1,1,0
142,8,1491.0,559.5,20.0,23.0,1,1,0
142,17,1579.0,572.5,26.0,10.0,1,5,0
142,16,1335.0,557.5,12.0,13.0,1,1,0
142,20,1544.0,562.0,14.0,14.0,1,1,0
143,13,893.0,517.5,56.0,111.0,1,1,0
143,17,1557.0,559.5,28.0,10.0,1,5,0
143,20,1518.0,546.5,12.0,16.0,1,1,0
143,21,173.38,509.75,44.0,88.25,1,1,0
143,22,1851.0,561.5,34.0,9.0,1,5,0
144,13,859.5,509.25,53.0,110.75,1,1,0
144,17,1540.0,544.0,26.0,10.0,1,5,0
144,20,1490.0,533.0,12.0,16.0,1,1,0
144,21,134.25,512.0,55.25,89.0,1,1,0
144,22,1833.0,543.0,32.0,9.0,1,5,0
144,8,1453.0,532.5,18.0,23.0,1,1,0
144,16,1278.0,532.0,12.0,14.0,1,1,0
145,13,816.0,492.75,54.0,108.75,1,1,0
145,17,1520.0,522.0,26.0,10.0,1,5,0
145,20,1462.0,510.25,12.0,13.75,1,1,0
145,21,98.0,505.25,60.5,85.25,1,1,0
145,22,1813.0,520.5,34.0,9.0,1,5,0
145,8,1433.0,511.75,18.0,21.75,1,1,0
145,16,1249.0,509.75,14.0,14.25,1,1,0
146,13,771.0,488.25,52.0,109.25,1,1,0
146,17,1497.0,520.0,26.0,11.0,1,5,0
146,20,1410.0,509.75,18.0,20.75,1,1,0
146,21,62.19,495.5,61.75,87.0,1,1,0
146,22,1791.0,520.0,32.0,9.0,1,5,0
146,8,1432.0,509.0,10.0,12.0,1,1,0
146,16,1217.0,507.25,14.0,13.75,1,1,0
147,13,720.0,486.5,54.0,110.0,1,1,0
147,17,1467.0,528.0,28.0,10.0,1,5,0
147,20,1380.0,517.5,20.0,20.0,1,1,0
147,21,26.55,489.0,57.89,85.0,1,1,0
147,22,1761.0,531.0,36.0,9.0,1,5,0
148,13,671.5,499.5,52.0,108.0,1,1,0
148,17,1434.0,543.5,30.0,10.0,1,5,0
148,20,1350.0,533.5,18.0,19.0,1,1,0
148,21,0.62,491.0,41.56,85.0,1,1,0
148,22,1734.0,547.5,32.0,9.0,1,5,0
148,16,1143.0,527.0,12.0,14.0,1,1,0
149,13,622.5,500.5,59.0,108.0,1,1,0
149,17,1409.0,534.0,28.0,9.0,1,5,0
149,20,1322.0,523.0,20.0,21.0,1,1,0
149,22,1709.0,532.0,34.0,10.0,1,5,0
149,16,1108.0,519.0,12.0,15.0,1,1,0
150,13,579.0,496.75,57.0,108.25,1,1,0
150,17,1384.0,528.5,28.0,9.0,1,5,0
150,20,1298.0,519.5,18.0,20.0,1,1,0
150,22,1686.0,527.5,32.0,9.0,1,5,0
150,16,1072.0,514.0,14.0,15.0,1,1,0
150,8,1288.0,518.5,10.0,12.0,1,1,0
151,13,531.5,497.75,59.0,109.75,1,1,0
151,17,1360.0,525.0,28.0,10.0,1,5,0
151,20,1272.0,515.0,18.0,20.0,1,1,0
151,22,1662.0,520.5,32.0,10.0,1,5,0
151,16,1036.0,511.5,14.0,16.0,1,1,0
151,8,1253.0,513.5,12.0,14.0,1,1,0
152,13,484.75,502.25,59.25,107.75,1,1,0
152,17,1332.0,530.5,30.0,10.0,1,5,0
152,20,1244.0,519.5,18.0,22.0,1,1,0
152,22,1634.0,527.5,32.0,9.0,1,5,0
152,8,1217.0,518.0,12.0,15.0,1,1,0
153,13,439.25,503.5,57.5,107.0,1,1,0
153,17,1301.0,534.0,30.0,9.0,1,5,0
153,22,1607.0,531.5,32.0,8.0,1,5,0
153,8,1176.0,519.0,16.0,16.0,1,1,0
154,13,391.25,497.5,52.5,108.0,1,1,0
154,17,1270.0,530.0,28.0,10.0,1,5,0
154,22,1577.0,528.0,32.0,10.0,1,5,0
154,8,1137.0,517.0,16.0,15.0,1,1,0
154,20,1184.0,517.0,18.0,23.0,1,1,0
154,16,924.5,516.0,13.0,14.0,1,1,0
155,13,340.0,495.5,50.0,109.0,1,1,0
155,17,1239.0,533.0,26.0,10.0,1,5,0
155,22,1549.0,533.5,28.0,9.0,1,5,0
155,8,1101.0,520.0,12.0,13.0,1,1,0
155,20,1151.0,523.0,20.0,20.0,1,1,0
156,13,285.5,503.25,53.0,106.75,1,1,0
156,17,1201.0,540.0,30.0,9.0,1,5,0
156,22,1512.0,539.5,30.0,9.0,1,5,0
156,8,1055.0,523.5,12.0,16.0,1,1,0
157,13,226.0,507.5,54.5,108.0,1,1,0
157,17,1164.0,543.5,28.0,9.0,1,5,0
157,22,1473.0,542.0,30.0,10.0,1,5,0
157,8,1008.0,525.5,13.0,18.0,1,1,0
157,25,1077.0,535.0,18.0,17.0,1,5,0
158,13,165.25,507.5,54.5,105.0,1,1,0
158,17,1117.0,541.0,28.0,9.0,1,5,0
158,22,1431.0,536.5,28.0,12.0,1,5,0
158,8,954.5,525.5,14.0,15.0,1,1,0
158,20,1032.0,529.0,18.0,21.0,1,1,0
159,13,100.75,499.5,54.12,106.0,1,1,0
159,22,1380.0,530.5,32.0,11.0,1,5,0
159,8,896.0,518.0,17.0,15.0,1,1,0
159,20,984.5,521.5,17.0,20.0,1,1,0
159,25,1068.0,532.0,28.0,10.0,1,5,0
160,13,39.75,497.0,44.62,103.0,1,1,0
160,22,1325.0,523.0,30.0,11.0,1,5,0
160,27,1779.0,510.0,46.0,85.0,1,1,0
160,17,1011.5,525.5,28.5,10.0,1,5,0
161,22,1264.0,528.5,26.0,11.0,1,5,0
161,27,1700.0,514.0,46.0,85.0,1,1,0
161,28,1737.0,574.0,110.0,24.0,1,5,0
161,17,950.5,528.5,29.0,12.0,1,5,0
161,16,763.5,515.0,13.0,14.0,1,1,0
161,8,863.0,521.0,19.0,20.0,1,1,0
162,22,1190.0,537.0,28.0,9.0,1,5,0
162,27,1605.0,519.0,54.0,87.0,1,1,0
162,28,1650.0,578.5,110.0,25.0,1,5,0
162,17,875.0,536.5,28.0,10.0,1,5,0
163,22,1115.0,535.5,28.0,9.0,1,5,0
163,27,1522.0,515.0,46.0,88.0,1,1,0
163,28,1560.0,576.0,110.0,26.0,1,5,0
163,17,799.5,535.0,31.0,10.0,1,5,0
163,16,715.0,525.5,18.0,21.0,1,1,0
164,27,1434.0,521.0,44.0,88.0,1,1,0
164,28,1469.0,581.5,110.0,26.0,1,5,0
164,17,723.5,541.5,31.0,10.0,1,5,0
164,16,639.5,532.0,18.0,20.0,1,1,0
165,27,1343.0,536.0,46.0,88.0,1,1,0
165,28,1379.0,596.0,110.0,26.0,1,5,0
165,17,648.0,553.5,28.0,10.0,1,5,0
165,16,564.5,544.0,18.0,19.0,1,1,0
166,27,1236.0,524.5,60.0,88.0,1,1,0
166,28,1288.0,582.0,110.0,28.0,1,5,0
166,17,574.0,543.5,25.0,9.0,1,5,0
167,27,1131.0,514.0,66.0,89.0,1,1,0
167,28,1189.0,574.0,114.0,26.0,1,5,0
167,17,489.75,536.5,26.75,10.0,1,5,0
167,16,407.5,526.0,17.0,19.0,1,1,0
168,27,1032.0,492.75,64.0,90.25,1,1,0
168,28,1089.0,554.5,116.0,26.0,1,5,0
168,17,405.0,522.5,27.5,10.0,1,5,0
169,27,946.5,485.0,47.0,89.0,1,1,0
169,28,988.5,544.0,115.5,27.0,1,5,0
169,17,321.0,510.25,23.0,9.75,1,5,0
170,27,844.5,503.5,47.0,89.0,1,1,0
170,28,888.5,564.5,118.0,26.0,1,5,0
170,17,233.12,521.5,26.62,9.0,1,5,0
170,31,148.12,514.0,19.75,19.0,1,5,0
171,27,744.5,513.5,47.0,89.0,1,1,0
171,28,792.0,574.0,118.0,26.0,1,5,0
171,31,150.25,531.0,27.25,10.0,1,5,0
172,27,651.5,513.5,47.0,88.0,1,1,0
172,28,701.5,571.0,120.0,27.0,1,5,0
172,17,72.0,534.5,25.38,10.0,1,5,0
173,27,565.5,522.0,47.0,88.0,1,1,0
173,28,620.0,579.0,119.0,27.0,1,5,0
174,27,467.5,516.0,59.0,90.0,1,1,0
174,28,542.0,575.0,120.0,26.0,1,5,0
175,27,393.0,500.25,49.0,91.75,1,1,0
175,28,462.5,560.0,120.0,28.0,1,5,0
176,27,298.0,493.0,64.5,91.0,1,1,0
176,28,386.25,552.0,120.0,28.0,1,5,0
177,27,240.5,496.5,51.0,94.0,1,1,0
177,28,315.25,553.0,123.5,30.0,1,5,0
178,27,161.75,501.25,63.0,91.75,1,1,0
178,28,251.25,558.5,122.0,28.0,1,5,0
179,27,120.38,499.75,46.25,92.25,1,1,0
179,28,192.12,562.5,123.62,25.0,1,5,0
180,27,53.5,484.75,67.25,91.75,1,1,0
180,28,139.62,548.5,123.38,27.0,1,5,0
181,27,14.95,491.75,63.48,90.75,1,1,0
181,28,95.69,554.5,123.81,27.0,1,5,0
182,27,0.0,497.5,42.81,89.0,1,1,0
182,28,54.66,557.5,125.09,28.0,1,5,0
183,27,-0.0,502.25,17.31,98.25,1,1,0
183,28,18.97,568.0,124.28,30.0,1,5,0
184,28,0.0,574.5,112.25,27.0,1,5,0
185,28,0.0,572.0,97.5,29.0,1,5,0
186,28,0.34,557.5,92.28,31.0,1,5,0
187,28,0.66,557.5,100.34,28.0,1,5,0
187,22,12.48,521.0,38.95,9.0,1,5,0
188,28,-0.0,559.0,113.75,30.0,1,5,0
188,22,56.78,523.5,33.22,10.0,1,5,0
189,28,11.47,564.0,121.78,32.0,1,5,0
189,22,99.69,529.5,34.31,9.0,1,5,0
190,28,37.56,571.0,113.94,30.0,1,5,0
190,22,142.5,534.0,33.0,9.0,1,5,0
190,33,2.58,515.5,46.86,87.0,1,1,0
191,28,71.25,566.0,101.0,28.0,1,5,0
191,22,185.25,526.5,35.0,10.0,1,5,0
191,33,28.44,504.25,50.44,90.75,1,1,0
192,28,84.62,558.0,110.0,31.0,1,5,0
192,22,230.12,521.5,33.12,9.0,1,5,0
192,33,43.94,495.5,56.62,94.0,1,1,0
193,28,105.0,558.0,110.75,29.0,1,5,0
193,22,272.0,520.0,32.5,9.0,1,5,0
193,33,58.19,493.25,63.25,95.75,1,1,0
194,28,127.12,559.0,111.25,29.0,1,5,0
194,22,313.5,522.0,31.0,9.0,1,5,0
194,33,81.19,494.5,62.81,96.0,1,1,0
195,28,151.0,557.5,110.25,30.0,1,5,0
195,33,102.62,495.5,64.25,95.0,1,1,0
196,28,178.62,568.5,111.38,32.0,1,5,0
196,33,134.25,509.5,57.75,94.0,1,1,0
197,28,206.12,565.5,110.88,30.0,1,5,0
197,33,147.75,504.0,66.25,94.0,1,1,0
198,28,224.5,560.5,112.5,30.0,1,5,0
198,33,167.88,498.5,63.75,93.0,1,1,0
198,34,73.19,518.0,16.25,20.0,1,1,0
199,28,239.0,557.0,114.5,28.0,1,5,0
199,33,183.0,492.75,63.5,95.25,1,1,0
199,34,105.38,507.0,20.25,26.0,1,1,0
200,28,254.75,549.5,116.5,31.0,1,5,0
200,33,207.38,488.0,49.38,92.0,1,1,0
200,34,141.0,501.0,18.0,23.0,1,1,0
201,28,275.0,550.0,120.5,33.0,1,5,0
201,33,216.38,491.0,57.62,94.0,1,1,0
201,34,183.0,506.75,15.5,19.75,1,1,0
202,28,303.75,561.0,119.5,32.0,1,5,0
202,33,241.0,501.0,57.0,95.0,1,1,0
203,28,332.0,567.0,120.0,29.0,1,5,0
203,33,260.75,506.0,65.0,95.0,1,1,0
204,28,357.5,561.0,120.0,30.0,1,5,0
204,33,282.0,498.0,63.0,97.0,1,1,0
205,28,381.25,545.5,120.0,30.0,1,5,0
205,33,309.5,483.25,52.5,94.25,1,1,0
205,22,425.5,512.0,23.0,10.0,1,5,0
205,34,357.5,504.25,14.0,18.75,1,1,0
206,28,403.75,551.0,120.75,30.0,1,5,0
206,33,318.0,487.75,58.5,93.25,1,1,0
206,34,394.0,507.0,15.0,20.0,1,1,0
207,28,430.75,566.0,120.75,29.0,1,5,0
207,33,333.25,502.5,61.0,93.0,1,1,0
207,34,435.0,519.5,16.0,20.0,1,1,0
208,28,458.5,575.5,120.0,30.0,1,5,0
208,33,349.0,512.5,65.5,93.0,1,1,0
208,34,476.75,528.5,16.0,20.0,1,1,0
209,28,486.25,566.5,121.25,31.0,1,5,0
209,33,373.0,506.5,62.5,91.0,1,1,0
209,34,520.0,520.5,17.0,19.0,1,1,0
210,28,519.0,561.0,120.0,30.0,1,5,0
210,33,402.0,499.5,61.0,94.0,1,1,0
210,34,567.5,514.5,15.0,19.0,1,1,0
211,28,545.5,549.5,122.0,31.0,1,5,0
211,33,424.75,487.5,62.5,95.0,1,1,0
211,34,610.0,505.25,16.0,18.25,1,1,0
212,28,571.5,550.5,125.0,29.0,1,5,0
212,33,452.25,490.25,58.0,93.25,1,1,0
212,34,654.0,506.25,16.0,16.75,1,1,0
213,28,598.0,563.5,124.0,32.0,1,5,0
213,33,478.0,506.25,56.0,93.75,1,1,0
213,34,697.0,520.5,16.0,19.0,1,1,0
213,36,202.62,515.5,10.75,18.0,1,1,0
214,28,619.5,568.0,125.0,31.0,1,5,0
214,33,500.5,507.25,56.0,93.75,1,1,0
214,34,736.5,523.0,16.0,21.0,1,1,0
214,37,1101.0,532.0,34.0,10.0,1,5,0
215,28,635.5,567.0,126.0,30.0,1,5,0
215,33,516.0,504.0,57.0,94.0,1,1,0
215,34,774.0,523.0,15.0,19.0,1,1,0
215,37,1130.0,537.0,34.0,9.0,1,5,0
216,28,651.0,557.5,128.0,31.0,1,5,0
216,33,535.0,495.5,51.0,93.0,1,1,0
216,34,810.0,514.0,16.0,20.0,1,1,0
216,37,1159.0,528.0,34.0,10.0,1,5,0
216,36,125.19,498.0,12.56,13.5,1,1,0
217,28,668.5,560.5,129.0,32.0,1,5,0
217,33,553.5,498.5,55.0,93.0,1,1,0
217,34,848.0,520.0,17.0,19.0,1,1,0
217,37,1190.0,535.0,34.0,9.0,1,5,0
217,38,324.5,507.75,11.5,12.75,1,1,0
217,36,107.62,505.0,13.12,14.0,1,1,0
218,28,682.5,565.5,129.0,30.0,1,5,0
218,33,573.0,501.5,51.0,92.0,1,1,0
218,34,884.0,525.0,17.0,18.0,1,1,0
218,37,1219.0,543.0,34.0,9.0,1,5,0
218,38,352.25,508.75,13.0,13.25,1,1,0
219,28,697.0,560.5,129.0,32.0,1,5,0
219,33,590.5,498.5,51.0,95.0,1,1,0
219,34,919.5,520.5,16.0,20.0,1,1,0
219,37,1244.0,538.5,36.0,10.0,1,5,0
219,38,379.5,508.0,13.0,13.0,1,1,0
220,28,705.0,552.5,129.0,31.0,1,5,0
220,33,605.0,493.75,50.0,92.75,1,1,0
220,34,947.5,508.75,17.0,22.25,1,1,0
220,37,1266.0,524.0,36.0,10.0,1,5,0
220,38,402.5,502.5,11.5,14.5,1,1,0
221,28,708.0,549.0,129.0,30.0,1,5,0
221,33,614.0,489.5,47.0,92.0,1,1,0
221,34,972.0,502.5,16.0,20.0,1,1,0
221,37,1280.0,513.5,36.0,10.0,1,5,0
221,38,417.5,501.0,13.5,16.0,1,1,0
222,28,706.5,560.5,130.0,32.0,1,5,0
222,33,615.5,500.5,48.0,93.0,1,1,0
222,37,1289.0,527.5,38.0,10.0,1,5,0
222,38,431.0,514.0,11.5,15.0,1,1,0
223,28,696.5,569.5,131.0,30.0,1,5,0
223,33,609.5,506.0,49.0,93.0,1,1,0
223,37,1293.0,544.0,38.0,10.0,1,5,0
223,38,435.5,516.5,12.0,16.0,1,1,0
223,34,1001.5,526.5,16.0,22.0,1,1,0
224,28,688.5,564.5,130.0,31.0,1,5,0
224,33,603.0,499.5,47.0,93.0,1,1,0
224,37,1292.0,544.5,38.0,11.0,1,5,0
225,28,677.5,566.0,130.0,31.0,1,5,0
225,33,594.5,503.0,48.0,92.0,1,1,0
225,37,1290.0,544.5,40.0,10.0,1,5,0
225,39,224.5,502.0,14.5,18.0,1,1,0
225,38,438.25,506.75,12.5,17.75,1,1,0
225,34,1016.0,525.0,16.0,21.0,1,1,0
226,28,667.0,564.0,130.0,30.0,1,5,0
226,33,579.0,503.0,57.0,91.0,1,1,0
226,37,1285.0,534.5,42.0,10.0,1,5,0
226,39,225.5,508.0,12.0,16.0,1,1,0
226,38,436.75,508.25,12.0,16.75,1,1,0
226,34,1021.5,517.5,16.5,22.0,1,1,0
227,28,657.5,564.5,130.0,31.0,1,5,0
227,33,569.0,505.0,58.0,93.0,1,1,0
227,37,1281.0,531.0,42.0,11.0,1,5,0
227,39,222.62,512.0,12.25,16.0,1,1,0
227,38,434.5,513.0,13.0,16.0,1,1,0
227,34,1028.0,518.0,16.0,20.0,1,1,0
228,28,647.0,567.5,128.0,30.0,1,5,0
228,33,565.5,503.75,54.0,95.25,1,1,0
228,37,1276.0,535.0,44.0,10.0,1,5,0
228,39,221.62,517.0,12.25,14.0,1,1,0
228,38,432.5,515.5,13.5,16.0,1,1,0
228,34,1033.0,520.0,16.0,21.0,1,1,0
229,28,632.0,565.0,128.0,29.0,1,5,0
229,33,552.5,499.0,50.0,96.0,1,1,0
229,37,1266.0,533.0,48.0,10.0,1,5,0
229,39,217.12,516.0,11.75,14.0,1,1,0
229,38,427.25,515.5,12.0,16.0,1,1,0
229,34,1035.0,517.0,16.0,23.0,1,1,0
230,28,609.0,554.0,128.0,31.0,1,5,0
230,33,535.0,485.75,46.0,97.25,1,1,0
230,37,1249.0,527.5,46.0,11.0,1,5,0
230,38,413.75,503.25,13.0,15.75,1,1,0
230,34,1028.0,511.25,18.0,22.25,1,1,0
230,40,1086.0,523.0,22.0,11.0,1,5,0
231,28,583.5,550.0,125.0,27.0,1,5,0
231,33,507.75,478.5,49.25,97.0,1,1,0
231,37,1226.0,521.0,48.0,11.0,1,5,0
231,38,395.5,496.25,12.5,14.0,1,1,0
231,34,1018.0,505.25,16.0,21.25,1,1,0
231,40,1075.0,516.0,22.0,11.0,1,5,0
232,28,557.0,559.0,126.0,30.0,1,5,0
232,33,483.25,489.75,46.25,95.25,1,1,0
232,37,1204.0,534.5,46.0,11.0,1,5,0
232,38,376.75,503.0,13.0,13.5,1,1,0
232,34,1007.0,515.5,16.0,24.0,1,1,0
233,28,538.5,568.0,124.0,34.0,1,5,0
233,33,454.0,503.25,51.0,95.25,1,1,0
233,37,1185.0,544.5,46.0,11.0,1,5,0
233,38,361.0,512.5,14.5,16.0,1,1,0
233,34,999.0,527.5,16.0,23.0,1,1,0
233,39,153.5,509.0,13.0,15.0,1,1,0
233,40,1054.0,539.0,20.0,11.0,1,5,0
234,28,521.5,572.0,123.0,29.0,1,5,0
234,33,432.25,503.5,50.0,95.0,1,1,0
234,37,1168.0,543.5,48.0,11.0,1,5,0
234,38,351.75,512.5,12.5,17.0,1,1,0
234,34,996.0,528.5,15.0,21.0,1,1,0
234,39,143.5,512.0,13.0,18.0,1,1,0
234,40,1050.0,539.5,20.0,11.0,1,5,0
235,28,506.25,571.5,123.25,31.0,1,5,0
235,33,415.75,507.25,53.0,96.75,1,1,0
235,37,1155.0,536.5,50.0,11.0,1,5,0
235,38,344.25,520.0,12.5,16.0,1,1,0
235,34,994.0,521.5,16.0,24.0,1,1,0
235,39,135.25,521.0,13.5,14.0,1,1,0
236,28,491.75,563.5,120.25,30.0,1,5,0
236,33,399.25,497.5,51.0,97.0,1,1,0
236,37,1141.0,524.0,50.0,11.0,1,5,0
236,38,335.75,511.75,12.0,16.75,1,1,0
236,34,991.5,511.0,16.0,23.0,1,1,0
236,39,127.19,516.5,10.81,12.0,1,1,0
237,28,474.0,553.0,120.0,32.0,1,5,0
237,33,377.0,488.75,52.5,96.25,1,1,0
237,37,1126.0,516.0,50.0,11.0,1,5,0
237,38,324.25,502.5,15.0,18.0,1,1,0
237,34,988.0,502.75,17.0,23.25,1,1,0
237,39,118.06,506.75,11.69,13.75,1,1,0
237,40,1040.0,513.5,20.0,12.0,1,5,0
238,28,459.5,561.0,117.0,31.0,1,5,0
238,33,359.25,492.0,48.5,97.0,1,1,0
238,37,1112.0,532.5,48.0,11.0,1,5,0
238,38,315.25,505.0,13.5,19.0,1,1,0
238,34,984.0,515.5,17.0,25.0,1,1,0
238,39,106.31,506.75,13.25,12.75,1,1,0
239,28,445.75,567.0,115.75,32.0,1,5,0
239,33,341.0,497.75,50.0,94.75,1,1,0
239,37,1100.0,543.0,48.0,11.0,1,5,0
239,38,304.75,508.5,14.5,18.0,1,1,0
239,34,982.5,526.0,15.0,23.0,1,1,0
239,39,98.0,508.5,13.5,13.0,1,1,0
240,28,435.75,572.5,115.25,30.0,1,5,0
240,33,325.75,503.0,50.0,94.0,1,1,0
240,37,1088.0,543.5,50.0,11.0,1,5,0
240,38,301.0,514.0,13.0,17.0,1,1,0
240,34,980.0,526.5,17.0,24.0,1,1,0
240,39,90.69,513.5,12.88,13.0,1,1,0
241,28,426.5,563.5,114.0,31.0,1,5,0
241,33,310.25,496.25,49.5,95.75,1,1,0
241,37,1081.0,532.5,48.0,11.0,1,5,0
241,38,296.25,509.25,13.0,15.25,1,1,0
241,34,983.0,514.5,17.0,25.0,1,1,0
241,39,88.06,508.25,13.25,12.75,1,1,0
242,28,419.0,566.0,111.0,29.0,1,5,0
242,33,298.25,499.75,50.0,95.25,1,1,0
242,37,1073.0,528.0,48.0,12.0,1,5,0
242,38,291.75,504.25,13.5,22.75,1,1,0
242,34,985.5,514.0,17.0,24.0,1,1,0
242,39,85.94,512.5,10.88,13.0,1,1,0
243,28,408.5,565.0,108.5,28.0,1,5,0
243,33,286.0,498.5,49.0,95.0,1,1,0
243,37,1062.0,528.0,50.0,12.0,1,5,0
243,34,987.5,513.5,17.0,23.0,1,1,0
243,39,82.0,512.5,10.75,12.0,1,1,0
244,28,396.25,558.5,108.5,31.0,1,5,0
244,33,274.5,492.0,46.5,96.0,1,1,0
244,37,1054.0,532.0,46.0,12.0,1,5,0
244,34,989.0,519.0,17.0,21.0,1,1,0
244,39,78.44,502.5,10.75,14.5,1,1,0
244,38,208.75,496.75,10.5,13.0,1,1,0
245,28,387.75,555.5,106.5,32.0,1,5,0
245,33,265.25,487.5,45.5,96.0,1,1,0
245,37,1042.0,527.5,50.0,15.0,1,5,0
245,34,994.0,516.0,16.0,22.0,1,1,0
245,39,75.5,499.75,12.0,12.75,1,1,0
245,38,209.12,493.25,12.25,13.0,1,1,0
246,28,381.0,567.5,105.0,33.0,1,5,0
246,33,254.62,501.5,45.38,99.0,1,1,0
246,37,1039.0,527.0,46.0,14.0,1,5,0
246,34,1000.5,515.5,16.0,23.0,1,1,0
246,38,282.75,516.0,12.0,14.0,1,1,0
247,28,370.75,575.0,105.0,32.0,1,5,0
247,33,235.88,509.75,51.12,95.75,1,1,0
247,37,1031.0,534.5,42.0,13.0,1,5,0
247,34,1006.5,524.5,16.0,21.0,1,1,0
247,38,282.0,522.5,12.0,16.0,1,1,0
248,28,361.5,578.0,103.5,32.0,1,5,0
248,33,227.75,511.25,50.0,95.75,1,1,0
248,37,1011.5,530.5,60.5,22.0,1,5,0
248,38,279.5,525.0,12.5,16.0,1,1,0
248,39,73.06,528.5,13.62,14.0,1,1,0
249,28,351.5,560.5,104.5,33.0,1,5,0
249,33,215.88,492.25,47.38,94.75,1,1,0
249,37,1015.0,525.5,42.0,21.0,1,5,0
249,38,279.0,504.5,12.0,15.0,1,1,0
250,28,346.25,553.0,105.0,34.0,1,5,0
250,33,211.12,483.5,47.12,99.0,1,1,0
250,37,1008.5,515.0,42.5,24.0,1,5,0
250,38,280.0,496.0,13.0,18.5,1,1,0
251,28,338.75,555.0,105.5,39.0,1,5,0
251,33,200.75,493.75,50.0,98.75,1,1,0
251,37,1002.5,520.0,45.5,21.0,1,5,0
251,38,282.0,508.0,9.5,13.0,1,1,0
252,28,330.75,568.0,106.0,36.0,1,5,0
252,33,190.12,506.5,51.75,97.0,1,1,0
252,37,996.0,519.0,58.0,21.0,1,5,0
252,38,281.25,514.5,12.0,19.0,1,1,0
253,28,320.75,573.0,107.5,32.0,1,5,0
253,33,178.62,509.25,56.5,96.75,1,1,0
253,37,988.5,531.5,41.5,14.0,1,5,0
253,38,281.0,521.0,12.5,16.0,1,1,0
253,42,236.0,516.0,10.25,11.0,1,1,0
253,34,1044.0,519.0,16.0,25.0,1,1,0
254,28,312.0,566.5,106.5,31.0,1,5,0
254,33,174.88,500.0,47.75,95.0,1,1,0
254,37,982.0,534.0,41.0,13.0,1,5,0
254,38,281.5,512.5,13.5,17.0,1,1,0
254,42,241.12,507.0,9.0,12.0,1,1,0
254,34,1049.0,521.5,18.0,24.0,1,1,0
255,28,300.5,553.5,107.0,32.0,1,5,0
255,33,165.25,487.0,47.75,95.0,1,1,0
255,37,975.5,529.0,39.0,14.0,1,5,0
255,38,282.25,501.0,12.5,17.0,1,1,0
255,42,244.0,495.25,9.75,12.5,1,1,0
255,34,1055.0,519.5,16.0,22.0,1,1,0
255,39,78.31,498.75,11.25,13.75,1,1,0
256,28,288.25,553.5,107.5,34.0,1,5,0
256,33,151.88,489.0,53.75,96.0,1,1,0
256,37,967.5,527.0,39.0,13.0,1,5,0
256,38,281.5,500.75,12.0,15.75,1,1,0
256,42,245.88,495.75,9.5,12.5,1,1,0
256,34,1061.0,517.0,16.0,21.0,1,1,0
256,39,78.25,496.0,11.75,19.0,1,1,0
257,28,276.5,563.0,105.5,35.0,1,5,0
257,33,142.62,500.75,49.75,95.25,1,1,0
257,37,959.0,535.0,37.0,12.0,1,5,0
257,38,279.0,510.5,11.5,17.0,1,1,0
257,34,1064.0,523.5,16.0,22.0,1,1,0
257,39,74.06,509.25,11.62,15.75,1,1,0
258,28,262.0,576.0,108.5,34.0,1,5,0
258,33,128.88,510.25,53.5,98.25,1,1,0
258,37,950.0,546.5,37.0,12.0,1,5,0
258,38,278.5,523.5,10.0,16.0,1,1,0
258,39,73.25,519.0,10.62,19.0,1,1,0
259,28,253.5,567.0,110.0,32.0,1,5,0
259,33,121.0,499.75,54.5,96.25,1,1,0
259,37,945.0,537.0,38.0,13.0,1,5,0
259,38,279.0,509.75,13.0,20.25,1,1,0
259,39,74.12,512.5,12.75,16.0,1,1,0
260,28,252.88,565.5,110.12,32.0,1,5,0
260,33,126.5,501.5,46.75,94.0,1,1,0
260,37,947.0,531.5,36.0,12.0,1,5,0
260,38,288.5,513.5,12.0,15.0,1,1,0
260,39,83.06,514.0,13.38,14.0,1,1,0
261,28,251.12,552.0,109.88,33.0,1,5,0
261,33,130.0,486.75,41.5,95.25,1,1,0
261,37,949.5,519.0,34.0,13.0,1,5,0
261,38,294.5,500.25,14.0,15.75,1,1,0
261,39,91.69,499.75,10.88,12.75,1,1,0
261,34,1105.0,508.25,16.0,23.75,1,1,0
262,28,242.12,565.0,108.88,32.0,1,5,0
262,33,124.38,499.0,38.5,96.0,1,1,0
262,37,943.0,524.0,36.0,12.0,1,5,0
262,38,301.25,510.0,10.0,13.0,1,1,0
262,39,95.12,512.0,8.75,13.0,1,1,0
263,28,226.5,570.0,106.0,35.0,1,5,0
263,33,105.0,511.5,46.5,94.0,1,1,0
263,37,931.5,526.0,35.0,12.0,1,5,0
263,38,292.75,513.5,12.0,20.0,1,1,0
263,39,88.62,521.5,10.75,13.0,1,1,0
263,34,1112.0,513.0,16.0,22.0,1,1,0
264,28,206.38,558.0,102.62,33.0,1,5,0
264,33,76.88,495.5,58.5,93.0,1,1,0
264,37,915.0,529.5,34.0,13.0,1,5,0
264,38,283.25,503.25,12.5,18.75,1,1,0
264,39,74.12,495.5,15.0,24.0,1,1,0
265,28,192.75,558.0,100.5,34.0,1,5,0
265,33,52.5,495.5,69.25,93.0,1,1,0
265,37,903.5,536.5,33.0,12.0,1,5,0
265,38,276.75,505.5,13.5,18.0,1,1,0
265,39,74.94,507.0,11.37,12.0,1,1,0
266,28,184.0,560.0,96.5,34.0,1,5,0
266,33,48.5,496.0,66.0,94.0,1,1,0
266,37,896.0,544.0,32.0,12.0,1,5,0
266,38,276.75,506.75,11.0,18.75,1,1,0
266,39,74.31,507.75,10.88,13.25,1,1,0
267,28,176.88,565.5,91.38,32.0,1,5,0
267,33,51.03,497.75,53.47,97.75,1,1,0
267,37,886.0,536.5,35.0,12.0,1,5,0
267,38,272.0,507.75,13.0,21.25,1,1,0
267,39,71.12,514.0,10.88,12.0,1,1,0
268,28,161.5,567.5,83.5,30.0,1,5,0
268,33,48.0,511.0,39.5,86.0,1,1,0
268,37,870.0,534.0,33.0,11.0,1,5,0
268,38,262.75,510.0,13.0,18.0,1,1,0
268,39,62.34,515.0,10.84,12.0,1,1,0
269,28,137.75,566.5,80.0,31.0,1,5,0
269,33,14.88,511.0,50.81,88.0,1,1,0
269,37,846.0,518.0,32.0,11.0,1,5,0
269,38,246.62,507.25,11.12,18.25,1,1,0
269,39,44.12,518.5,11.0,11.0,1,1,0
269,34,1098.0,503.25,16.0,21.75,1,1,0
270,28,103.25,559.5,75.0,30.0,1,5,0
270,33,-0.0,489.0,25.94,101.0,1,1,0
270,37,815.5,515.5,32.0,12.0,1,5,0
270,38,217.88,501.0,12.25,19.0,1,1,0
270,34,1077.0,503.0,16.0,22.0,1,1,0
271,28,70.0,547.5,72.75,33.0,1,5,0
271,37,784.5,511.5,32.0,13.0,1,5,0
272,28,42.22,557.5,70.53,33.0,1,5,0
272,37,756.5,536.0,31.0,11.0,1,5,0
272,38,172.75,507.75,11.0,15.25,1,1,0
273,28,17.34,575.5,69.78,32.0,1,5,0
273,37,731.0,559.0,31.0,11.0,1,5,0
273,38,152.62,522.5,12.0,19.0,1,1,0
274,28,0.45,575.5,63.36,33.0,1,5,0
274,37,706.0,547.5,33.0,11.0,1,5,0
274,38,135.38,525.5,12.75,15.0,1,1,0
275,28,0.23,564.0,36.95,34.0,1,5,0
275,37,680.5,531.0,33.0,11.0,1,5,0
275,38,138.62,508.0,12.75,13.0,1,1,0
276,37,653.5,510.0,34.0,11.0,1,5,0
276,38,119.31,495.0,14.56,13.5,1,1,0
277,37,617.5,520.5,35.0,11.0,1,5,0
277,48,959.5,512.0,15.0,17.0,1,6,0
278,37,580.0,512.0,35.0,12.0,1,5,0
279,37,539.0,528.5,34.0,11.0,1,5,0
279,48,907.5,523.5,16.0,19.0,1,6,0
280,37,497.75,539.5,37.75,12.0,1,5,0
281,37,458.0,545.0,36.0,11.0,1,5,0
282,37,418.75,537.0,36.5,12.0,1,5,0
283,37,384.5,515.5,38.5,11.0,1,5,0
284,37,361.0,516.0,40.0,11.0,1,5,0
285,37,336.0,509.75,39.5,11.75,1,5,0
286,37,305.5,519.5,39.0,11.0,1,5,0
287,37,269.0,511.0,37.0,11.0,1,5,0
288,37,233.12,540.5,36.88,11.0,1,5,0
289,37,200.0,548.0,34.25,10.0,1,5,0
290,37,173.5,535.0,34.75,14.0,1,5,0
291,37,155.38,499.0,32.75,13.0,1,5,0
292,37,139.75,496.25,35.25,13.0,1,5,0
293,37,127.94,507.0,33.81,11.0,1,5,0
294,37,115.25,516.5,30.75,11.0,1,5,0
295,37,105.62,523.5,32.5,11.0,1,5,0
296,37,94.25,551.5,29.5,11.0,1,5,0
297,37,79.25,534.5,30.38,12.0,1,5,0
298,37,65.12,527.0,30.62,11.0,1,5,0
299,37,55.12,522.0,29.25,12.0,1,5,0
300,37,50.88,506.25,29.0,11.75,1,5,0
301,37,51.16,525.0,28.91,12.0,1,5,0
302,37,55.09,522.0,25.91,11.0,1,5,0
303,37,52.19,510.5,27.62,11.0,1,5,0
303,49,852.5,503.75,18.0,19.25,1,6,0
304,37,44.28,506.5,24.97,12.0,1,5,0
304,49,859.0,505.0,18.0,20.0,1,6,0
305,37,38.66,525.5,26.47,10.0,1,5,0
306,37,32.69,535.5,25.69,13.0,1,5,0
307,37,33.0,533.0,27.06,11.0,1,5,0
307,49,890.0,551.0,17.0,20.0,1,6,0
308,37,38.91,504.25,25.72,11.75,1,5,0
308,49,909.5,515.5,16.0,18.0,1,6,0
309,37,42.56,508.75,26.0,11.25,1,5,0
309,49,928.5,503.75,15.0,18.75,1,6,0
310,37,43.97,511.25,16.81,9.75,1,5,0
310,49,942.5,501.75,15.0,17.25,1,6,0
311,37,41.75,503.0,24.19,10.5,1,5,0
311,49,949.5,491.75,16.0,20.0,1,6,0
312,37,33.72,524.5,27.94,12.0,1,5,0
312,50,55.0,511.75,13.12,16.25,1,1,0
313,37,28.92,532.0,25.39,12.0,1,5,0
313,50,61.84,519.5,11.09,15.0,1,1,0
314,37,22.64,530.5,25.61,11.0,1,5,0
314,50,66.94,517.0,12.25,18.0,1,1,0
315,37,19.12,510.0,24.56,9.0,1,5,0
315,50,77.88,496.5,11.0,16.5,1,1,0
315,49,979.0,514.5,16.0,20.0,1,6,0
316,37,15.85,497.75,23.18,11.0,1,5,0
316,50,81.44,484.5,13.62,15.0,1,1,0
316,49,985.5,499.5,15.0,21.0,1,6,0
317,37,6.26,498.75,23.99,10.5,1,5,0
317,50,84.0,486.25,12.25,13.5,1,1,0
317,49,986.5,502.5,16.0,19.0,1,6,0
318,37,0.0,488.25,17.64,11.0,1,5,0
318,50,81.19,474.0,13.38,15.0,1,1,0
318,49,986.0,490.5,15.0,20.0,1,6,0
319,50,75.19,506.25,14.12,16.25,1,1,0
322,50,70.25,499.0,11.5,12.5,1,1,0
322,49,974.0,503.25,15.0,20.75,1,6,0
323,49,965.5,489.5,15.0,19.5,1,6,0
326,51,918.5,551.5,16.0,19.0,1,5,0
328,51,906.5,512.5,17.0,21.0,1,5,0
329,51,903.5,517.0,17.0,20.0,1,5,0
330,49,896.0,504.25,16.0,19.75,1,6,0
331,49,885.0,486.25,18.0,17.5,1,6,0
332,51,872.5,493.75,19.0,19.25,1,5,0
333,51,858.0,533.0,20.0,18.0,1,5,0
334,51,848.5,544.5,19.0,20.0,1,5,0
335,51,842.5,546.5,20.0,19.0,1,5,0
338,49,850.5,490.75,21.0,18.0,1,6,0
339,49,850.5,486.5,21.0,18.0,1,6,0
345,49,874.0,488.0,19.0,18.5,1,6,0
353,57,963.0,512.0,29.0,19.0,1,5,0
357,59,137.62,508.0,30.0,15.0,1,4,0
358,59,147.38,516.5,29.5,14.0,1,4,0
359,57,1052.0,544.0,18.0,19.0,1,5,0
360,59,165.75,516.0,33.75,13.0,1,4,0
361,59,178.75,510.75,29.25,13.75,1,4,0
362,59,192.62,508.75,22.5,11.75,1,4,0
363,59,187.5,509.5,32.5,12.0,1,4,0
364,59,201.62,503.25,25.75,15.25,1,4,0
365,59,199.12,486.5,34.0,16.0,1,4,0
366,59,205.25,488.75,30.5,16.0,1,4,0
367,59,209.12,503.5,26.0,12.0,1,4,0
368,59,206.75,492.0,27.75,15.5,1,4,0
369,59,206.12,508.0,26.75,13.0,1,4,0
370,59,195.75,505.25,36.5,16.25,1,4,0
371,59,192.62,512.0,38.25,17.0,1,4,0
372,59,193.0,512.0,29.75,16.0,1,4,0
373,59,177.75,516.0,37.5,14.0,1,4,0
374,59,175.25,508.25,32.0,16.25,1,4,0
375,59,168.5,498.75,31.5,17.75,1,4,0
376,59,163.0,500.5,31.0,13.5,1,4,0
377,59,159.25,503.25,27.25,14.75,1,4,0
378,59,149.25,512.0,30.25,16.0,1,4,0
379,59,133.38,518.5,33.25,16.0,1,4,0
380,59,121.5,505.0,29.75,17.0,1,4,0
381,59,102.62,502.0,31.38,14.5,1,4,0
382,59,81.56,492.75,40.88,18.5,1,4,0
383,59,80.0,493.5,30.0,15.5,1,4,0
384,59,58.0,489.25,39.5,18.5,1,4,0
385,59,42.56,506.75,37.94,15.25,1,4,0
386,59,20.84,504.75,38.81,16.75,1,4,0
387,59,0.31,510.5,42.31,18.0,1,4,0
388,59,0.0,498.75,30.8,19.25,1,4,0
389,59,0.09,498.75,22.13,24.25,1,4,0
390,59,0.01,505.0,16.59,20.0,1,4,0
391,59,0.06,504.75,18.34,22.25,1,4,0
392,59,0.1,499.5,23.15,25.0,1,4,0
393,59,0.0,496.5,26.94,23.0,1,4,0
394,59,0.0,491.5,29.02,22.5,1,4,0
395,59,0.0,496.5,33.44,25.0,1,4,0
396,59,5.7,507.25,36.05,17.75,1,4,0
397,59,12.33,513.5,43.67,20.0,1,4,0
398,59,34.62,504.0,37.12,20.0,1,4,0
399,59,49.78,509.0,38.22,12.0,1,4,0
399,67,912.5,531.0,19.0,16.0,1,5,0
400,59,75.75,501.25,34.13,16.25,1,4,0
401,59,94.19,494.0,33.75,17.5,1,4,0
402,59,98.06,484.5,44.19,18.0,1,4,0
403,59,104.19,480.25,45.31,17.5,1,4,0
404,59,123.12,496.25,35.25,15.75,1,4,0
404,67,984.0,517.5,20.0,20.0,1,5,0
405,59,136.5,522.0,36.5,18.0,1,4,0
405,67,999.5,535.0,19.0,20.0,1,5,0
406,59,157.75,526.5,30.75,15.0,1,4,0
406,67,1018.5,535.5,18.5,20.0,1,5,0
407,59,161.25,524.5,47.5,17.0,1,4,0
408,59,189.62,480.75,34.0,17.5,1,4,0
409,59,194.5,484.25,38.5,16.5,1,4,0
409,68,1068.0,496.5,14.0,20.5,1,6,0
410,59,203.25,489.5,35.0,13.0,1,4,0
410,68,1075.0,507.5,14.0,17.0,1,6,0
411,59,199.25,511.5,40.25,18.0,1,4,0
412,59,205.75,509.0,33.5,16.0,1,4,0
412,68,1077.0,538.0,14.0,21.0,1,6,0
413,59,206.5,519.0,36.0,19.0,1,4,0
413,68,1082.0,536.0,14.0,19.0,1,6,0
414,59,208.88,498.5,37.0,16.5,1,4,0
414,68,1087.0,508.25,14.0,19.75,1,6,0
415,59,207.75,498.75,45.5,17.25,1,4,0
415,68,1095.0,504.0,14.0,19.0,1,6,0
416,59,224.62,494.25,36.62,11.0,1,4,0
416,68,1103.0,512.5,16.0,19.0,1,6,0
417,59,221.5,486.5,43.75,19.5,1,4,0
417,68,1107.0,513.0,16.0,21.0,1,6,0
418,59,222.75,478.75,42.25,19.0,1,4,0
418,68,1110.0,505.5,14.0,18.0,1,6,0
419,59,215.38,513.5,42.62,18.0,1,4,0
419,68,1105.0,536.0,14.0,19.0,1,6,0
420,59,215.38,531.0,33.5,15.0,1,4,0
421,59,212.75,528.0,33.5,17.0,1,4,0
421,68,1093.0,545.0,14.0,21.0,1,6,0
422,59,212.38,491.25,32.25,15.0,1,4,0
422,68,1094.0,509.25,14.0,20.25,1,6,0
423,59,209.88,486.0,36.0,18.0,1,4,0
424,59,207.5,488.75,33.0,15.5,1,4,0
424,68,1092.0,508.75,14.0,19.75,1,6,0
425,59,193.88,476.0,43.5,19.5,1,4,0
425,68,1086.0,491.75,16.0,20.25,1,6,0
426,59,184.38,516.5,42.5,18.0,1,4,0
426,68,1081.0,530.5,14.0,19.0,1,6,0
427,59,177.0,525.0,44.75,20.0,1,4,0
428,59,178.25,519.5,38.25,18.0,1,4,0
429,59,181.62,489.0,33.75,17.5,1,4,0
430,59,170.25,486.0,45.25,19.0,1,4,0
430,68,1074.0,501.25,14.0,20.75,1,6,0
431,59,175.62,493.5,33.25,17.5,1,4,0
431,68,1068.0,504.5,18.0,20.0,1,6,0
432,59,165.25,480.75,32.5,17.5,1,4,0
432,68,1058.0,494.5,16.0,19.5,1,6,0
433,59,144.0,518.5,41.5,15.0,1,4,0
434,59,142.75,519.0,33.25,18.0,1,4,0
435,59,134.0,513.5,39.5,17.0,1,4,0
436,59,135.0,508.5,40.25,18.0,1,4,0
436,68,1039.0,531.5,18.0,19.0,1,6,0
437,59,138.0,490.5,37.5,16.0,1,4,0
437,68,1042.0,505.5,18.0,20.0,1,6,0
438,59,131.5,481.0,42.75,19.5,1,4,0
438,68,1042.0,495.75,18.0,17.75,1,6,0
439,59,136.25,485.0,33.0,17.5,1,4,0
439,68,1040.0,499.25,18.0,19.75,1,6,0
440,59,134.88,516.0,32.75,15.0,1,4,0
441,59,137.12,528.5,34.5,17.0,1,4,0
442,59,135.62,520.5,41.25,19.0,1,4,0
443,59,149.5,517.0,33.75,18.0,1,4,0
444,59,152.25,486.25,32.5,19.5,1,4,0
445,59,145.0,481.5,42.75,19.5,1,4,0
446,59,149.12,497.0,41.75,18.0,1,4,0
447,59,163.5,499.25,32.5,17.75,1,4,0
448,59,163.5,500.0,39.75,15.5,1,4,0
449,59,177.88,500.5,36.75,14.0,1,4,0
449,73,1099.0,523.0,22.0,19.0,1,5,0
450,59,182.0,502.75,38.75,14.25,1,4,0
451,59,184.5,501.0,39.0,17.0,1,4,0
452,59,191.0,542.5,31.0,15.0,1,4,0
453,59,187.5,520.0,35.5,17.0,1,4,0
453,73,1113.0,560.0,22.0,21.0,1,5,0
454,59,202.0,484.5,33.0,17.5,1,4,0
454,73,1126.0,516.5,22.0,19.0,1,5,0
455,59,223.25,504.5,29.5,14.0,1,4,0
455,73,1144.0,518.5,22.0,17.0,1,5,0
456,59,239.38,501.5,29.38,11.5,1,4,0
457,59,248.75,499.0,30.5,12.0,1,4,0
458,59,247.38,482.25,34.62,15.0,1,4,0
459,59,255.25,510.5,30.0,17.0,1,4,0
460,59,253.5,519.0,36.0,16.0,1,4,0
461,59,273.25,514.0,30.0,15.0,1,4,0
463,59,297.25,494.25,39.0,14.0,1,4,0
464,59,320.25,504.5,30.5,12.0,1,4,0
465,73,1265.0,504.0,20.0,21.0,1,5,0
466,73,1277.0,542.0,20.0,20.0,1,5,0
466,59,336.75,519.5,37.0,14.0,1,4,0
467,73,1293.0,549.0,20.0,23.0,1,5,0
467,59,359.0,526.0,29.0,14.0,1,4,0
468,73,1311.0,541.0,20.0,18.0,1,5,0
468,59,369.0,515.5,36.0,16.0,1,4,0
469,59,389.25,517.0,32.0,14.0,1,4,0
469,76,24.3,510.0,13.83,24.0,1,1,0
470,76,79.88,499.5,12.88,15.5,1,1,0
470,73,1343.0,521.0,22.0,21.0,1,5,0
471,76,90.75,488.5,15.25,15.5,1,1,0
472,76,106.69,487.5,15.87,23.5,1,1,0
472,73,1368.0,522.0,22.0,21.0,1,5,0
472,59,431.75,493.0,30.0,18.0,1,4,0
473,76,120.88,501.5,16.0,22.0,1,1,0
473,77,83.56,499.0,15.62,23.0,1,1,0
473,73,1382.0,537.5,20.0,22.0,1,5,0
473,59,441.0,507.5,31.0,16.0,1,4,0
474,76,117.69,488.5,16.31,20.0,1,1,0
474,77,78.62,488.25,15.12,19.0,1,1,0
474,59,409.5,483.5,38.0,17.5,1,4,0
474,78,1.67,500.75,23.0,9.0,1,5,0
475,76,102.62,488.5,13.75,15.5,1,1,0
475,77,62.22,486.5,14.03,17.5,1,1,0
475,59,396.0,485.0,32.5,18.0,1,4,0
475,73,1348.0,511.5,28.0,19.0,1,5,0
476,77,7.2,507.75,15.04,15.75,1,1,0
476,59,287.5,502.5,33.5,16.0,1,4,0
478,79,107.62,500.75,32.75,15.25,1,4,0
478,80,1070.0,525.5,28.0,20.0,1,5,0
