1,1,1146.0,505.75,40.0,73.75,1,1,0
1,2,1481.0,559.0,52.0,17.0,1,1,0
1,3,86.12,499.0,50.75,18.5,1,4,0
2,1,1134.0,511.5,34.0,72.0,1,1,0
2,2,1479.0,564.0,30.0,12.0,1,1,0
2,3,92.5,508.0,44.25,23.0,1,4,0
3,1,1111.0,512.5,34.0,69.0,1,1,0
3,2,1457.0,561.5,34.0,13.0,1,1,0
3,3,91.44,499.0,53.56,22.0,1,4,0
4,1,1111.0,509.0,20.0,73.0,1,1,0
4,2,1442.0,569.5,32.0,13.0,1,1,0
4,3,101.0,502.5,56.5,21.0,1,4,0
4,5,1362.0,541.5,60.0,34.0,1,1,0
5,1,1090.0,501.0,32.0,70.0,1,1,0
5,2,1445.0,563.0,46.0,14.0,1,1,0
5,3,106.94,497.75,48.56,20.25,1,4,0
5,6,0.0,493.75,33.44,25.75,1,4,0
6,1,1068.0,505.75,28.0,80.25,1,1,0
6,2,1434.0,557.5,40.0,15.0,1,1,0
6,3,103.75,503.25,45.0,24.25,1,4,0
6,6,0.0,500.0,30.97,27.0,1,4,0
6,5,1356.0,542.5,76.0,36.0,1,1,0
7,1,1034.0,511.25,38.0,67.25,1,1,0
7,2,1454.0,552.5,32.0,14.0,1,1,0
7,3,86.5,504.25,52.38,21.25,1,4,0
7,6,0.0,500.5,17.81,25.0,1,4,0
7,7,1474.0,559.0,52.0,15.0,1,1,0
7,5,1340.0,538.0,82.0,42.0,1,1,0
8,1,999.0,504.75,31.0,68.25,1,1,0
8,3,72.5,498.25,64.12,21.75,1,4,0
8,7,1456.0,559.0,52.0,13.0,1,1,0
8,5,1327.0,544.5,88.0,33.0,1,1,0
9,1,974.5,505.5,24.0,65.0,1,1,0
9,3,59.34,503.0,59.28,21.0,1,4,0
9,7,1446.0,553.0,54.0,17.0,1,1,0
9,5,1320.0,550.5,46.0,17.0,1,1,0
9,2,1445.0,557.0,34.0,14.0,1,1,0
10,1,949.5,515.0,23.0,66.0,1,1,0
10,3,48.19,507.0,55.62,22.0,1,4,0
10,7,1414.0,559.5,32.0,13.0,1,1,0
10,5,1294.0,567.5,74.0,22.0,1,1,0
10,2,1436.0,564.0,52.0,16.0,1,1,0
11,1,926.5,510.5,24.0,64.0,1,1,0
11,3,34.62,507.0,60.5,18.0,1,4,0
11,7,1405.0,554.5,32.0,14.0,1,1,0
11,5,1288.0,566.0,60.0,20.0,1,1,0
11,2,1424.0,560.0,52.0,16.0,1,1,0
11,9,1482.0,536.0,38.0,14.0,1,1,0
12,1,895.0,503.0,24.0,70.0,1,1,0
12,3,33.0,504.25,50.44,20.25,1,4,0
12,7,1337.0,571.5,54.0,14.0,1,1,0
12,2,1416.0,556.0,52.0,18.0,1,1,0
12,9,1474.0,532.5,36.0,15.0,1,1,0
13,1,870.0,506.25,41.0,74.25,1,1,0
13,3,19.58,512.5,57.48,18.0,1,4,0
13,7,1291.0,547.5,80.0,28.0,1,1,0
13,2,1415.0,560.0,38.0,14.0,1,1,0
13,9,1473.0,538.5,32.0,13.0,1,1,0
13,5,1292.0,578.0,54.0,12.0,1,1,0
14,1,854.5,505.0,44.0,73.0,1,1,0
14,3,27.31,505.0,59.44,21.0,1,4,0
14,2,1418.0,561.0,54.0,17.0,1,1,0
14,9,1476.0,539.5,36.0,13.0,1,1,0
15,1,829.5,503.25,41.0,72.75,1,1,0
15,3,26.19,507.75,62.0,19.75,1,4,0
15,2,1418.0,560.5,46.0,14.0,1,1,0
15,9,1473.0,535.0,38.0,14.0,1,1,0
15,7,1297.0,568.5,106.0,12.0,1,1,0
16,1,826.0,525.5,34.0,51.0,1,1,0
16,3,29.25,506.25,69.5,18.75,1,4,0
16,2,1421.0,560.5,40.0,15.0,1,1,0
16,9,1479.0,541.0,34.0,13.0,1,1,0
16,7,1284.0,566.5,62.0,25.0,1,1,0
16,5,1348.0,580.5,44.0,13.0,1,1,0
17,1,811.5,504.0,48.0,72.0,1,1,0
17,3,45.72,503.5,55.41,20.0,1,4,0
17,2,1426.0,560.0,40.0,14.0,1,1,0
17,9,1485.0,541.5,30.0,12.0,1,1,0
17,7,1286.0,566.5,64.0,23.0,1,1,0
17,5,1341.0,581.5,48.0,11.0,1,1,0
18,1,800.5,500.0,50.0,72.0,1,1,0
18,3,41.19,509.0,60.12,18.0,1,4,0
18,2,1430.0,552.0,44.0,13.0,1,1,0
18,9,1490.0,532.0,32.0,13.0,1,1,0
18,7,1297.0,536.0,124.0,39.0,1,1,0
19,1,790.5,504.75,50.0,71.75,1,1,0
19,3,44.75,503.25,58.38,19.75,1,4,0
19,2,1434.0,563.5,40.0,14.0,1,1,0
19,9,1487.0,542.5,38.0,13.0,1,1,0
19,7,1298.0,558.0,114.0,33.0,1,1,0
19,5,1320.0,584.0,72.0,10.0,1,1,0
20,1,773.5,501.75,49.0,71.25,1,1,0
20,3,49.25,504.25,48.62,21.75,1,4,0
20,2,1427.0,559.5,42.0,13.0,1,1,0
20,7,1290.0,542.0,116.0,43.0,1,1,0
21,1,747.0,501.5,47.0,72.0,1,1,0
21,3,29.69,504.25,53.88,22.25,1,4,0
21,2,1416.0,557.5,52.0,14.0,1,1,0
21,7,1277.0,542.0,112.0,43.0,1,1,0
21,9,1478.0,534.0,32.0,12.0,1,1,0
22,1,729.0,500.5,45.0,73.0,1,1,0
22,3,15.19,506.5,62.25,18.0,1,4,0
22,2,1412.0,559.5,46.0,15.0,1,1,0
22,7,1274.0,547.0,64.0,42.0,1,1,0
22,9,1467.0,534.0,36.0,14.0,1,1,0
23,1,720.0,499.0,46.0,71.0,1,1,0
23,3,20.47,500.75,53.03,18.25,1,4,0
23,2,1407.0,557.0,50.0,15.0,1,1,0
23,7,1268.0,549.0,80.0,38.0,1,1,0
23,9,1469.0,531.5,34.0,15.0,1,1,0
24,1,716.5,522.5,31.0,50.0,1,1,0
24,3,21.78,502.75,49.22,20.25,1,4,0
24,2,1407.0,557.5,52.0,15.0,1,1,0
24,9,1465.0,532.5,34.0,14.0,1,1,0
25,1,700.5,501.0,43.0,71.0,1,1,0
25,3,23.45,499.0,47.23,19.5,1,4,0
25,2,1405.0,559.5,40.0,15.0,1,1,0
25,9,1462.0,538.5,36.0,13.0,1,1,0
25,7,1266.0,554.0,56.0,17.0,1,1,0
26,1,701.0,504.5,39.0,71.0,1,1,0
26,3,21.81,500.0,45.75,22.0,1,4,0
26,2,1401.0,563.5,40.0,14.0,1,1,0
26,9,1461.0,543.0,34.0,14.0,1,1,0
26,7,1266.0,559.5,46.0,16.0,1,1,0
26,5,1346.0,581.0,32.0,12.0,1,1,0
27,1,706.0,498.0,28.0,75.0,1,1,0
27,3,3.78,499.5,54.16,22.5,1,4,0
27,2,1393.0,559.0,52.0,16.0,1,1,0
27,9,1450.0,536.0,34.0,13.0,1,1,0
27,7,1259.0,573.0,48.0,16.0,1,1,0
27,5,1337.0,575.0,34.0,12.0,1,1,0
28,1,719.0,498.0,18.0,73.0,1,1,0
28,3,5.56,497.75,47.28,22.25,1,4,0
28,2,1389.0,562.5,40.0,12.0,1,1,0
28,9,1444.0,536.0,36.0,14.0,1,1,0
29,1,719.5,509.0,25.0,69.0,1,1,0
29,3,5.7,518.5,46.8,22.0,1,4,0
29,2,1391.0,565.0,32.0,13.0,1,1,0
29,9,1446.0,535.0,36.0,16.0,1,1,0
29,5,1288.0,565.0,82.0,19.0,1,1,0
30,1,718.0,501.5,35.0,71.0,1,1,0
30,3,12.41,505.25,46.19,22.75,1,4,0
30,2,1395.0,558.5,54.0,16.0,1,1,0
30,9,1454.0,533.5,34.0,14.0,1,1,0
30,5,1237.0,554.0,92.0,34.0,1,1,0
31,1,719.5,491.5,36.0,72.0,1,1,0
31,3,21.44,491.5,44.88,22.5,1,4,0
31,2,1404.0,556.5,52.0,14.0,1,1,0
31,9,1453.0,530.5,44.0,15.0,1,1,0
31,5,1235.0,549.0,76.0,34.0,1,1,0
32,1,721.0,496.5,35.0,72.0,1,1,0
32,3,22.16,503.25,54.59,16.25,1,4,0
32,2,1409.0,566.5,34.0,12.0,1,1,0
32,9,1442.0,560.5,26.0,10.0,1,1,0
32,5,1269.0,557.0,50.0,35.0,1,1,0
32,7,1341.0,567.5,52.0,20.0,1,1,0
33,1,730.0,502.5,19.0,70.0,1,1,0
33,3,31.52,506.25,55.86,18.25,1,4,0
33,2,1418.0,567.5,44.0,12.0,1,1,0
33,5,1262.0,540.5,94.0,53.0,1,1,0
34,1,736.0,504.0,28.0,70.0,1,1,0
34,3,36.81,507.5,63.25,19.0,1,4,0
34,2,1433.0,569.5,38.0,13.0,1,1,0
34,5,1276.0,536.0,58.0,59.0,1,1,0
34,9,1493.0,541.0,32.0,14.0,1,1,0
35,1,728.5,507.25,61.0,61.75,1,1,0
35,3,51.91,502.75,53.22,18.75,1,4,0
35,2,1440.0,563.5,42.0,14.0,1,1,0
35,5,1272.0,525.0,44.0,64.0,1,1,0
35,9,1495.0,539.0,34.0,12.0,1,1,0
36,1,733.0,501.75,38.0,65.25,1,1,0
36,3,52.41,506.0,64.97,17.0,1,4,0
36,2,1445.0,560.0,40.0,14.0,1,1,0
36,5,1264.0,518.0,40.0,59.0,1,1,0
36,9,1500.0,535.5,30.0,11.0,1,1,0
37,1,718.5,501.75,43.0,65.25,1,1,0
37,2,1462.0,562.5,44.0,14.0,1,1,0
37,5,1274.0,515.0,42.0,61.0,1,1,0
37,7,1277.0,558.5,84.0,19.0,1,1,0
38,1,711.5,499.0,49.0,67.0,1,1,0
38,2,1477.0,564.5,38.0,13.0,1,1,0
38,5,1274.0,501.0,50.0,87.0,1,1,0
38,7,1414.0,548.5,82.0,25.0,1,1,0
38,3,83.25,501.5,60.12,19.0,1,4,0
39,1,704.5,503.25,37.0,66.25,1,1,0
39,2,1481.0,565.0,38.0,13.0,1,1,0
39,5,1276.0,515.0,42.0,74.0,1,1,0
39,7,1424.0,548.0,72.0,23.0,1,1,0
39,3,99.06,504.5,46.81,22.0,1,4,0
40,1,680.5,505.0,38.0,67.0,1,1,0
40,2,1485.0,571.5,40.0,13.0,1,1,0
40,5,1261.0,506.0,54.0,89.0,1,1,0
40,3,87.44,507.0,62.81,19.0,1,4,0
41,1,665.5,499.25,39.0,68.75,1,1,0
41,2,1491.0,566.0,36.0,12.0,1,1,0
41,5,1262.0,502.5,54.0,86.0,1,1,0
41,3,100.88,504.5,58.0,19.0,1,4,0
41,10,0.0,496.25,37.75,27.75,1,4,0
41,9,1543.0,535.0,46.0,15.0,1,1,0
42,1,653.5,502.25,31.0,67.25,1,1,0
42,2,1496.0,571.5,34.0,11.0,1,1,0
42,5,1249.0,506.25,54.0,86.75,1,1,0
42,3,114.69,502.75,50.56,20.75,1,4,0
42,10,0.14,497.0,44.67,27.0,1,4,0
42,9,1504.0,536.5,90.0,23.0,1,1,0
43,1,642.5,502.75,27.0,66.25,1,1,0
43,2,1493.0,567.5,32.0,11.0,1,1,0
43,5,1222.0,501.25,54.0,87.75,1,1,0
43,3,104.56,502.75,59.94,21.75,1,4,0
43,10,0.0,497.25,41.78,26.75,1,4,0
43,11,1340.0,565.0,78.0,16.0,1,1,0
43,7,1427.0,567.0,50.0,18.0,1,1,0
44,1,612.5,499.75,44.0,64.75,1,1,0
44,2,1488.0,565.5,34.0,11.0,1,1,0
44,5,1198.0,499.0,42.0,87.0,1,1,0
44,3,99.88,500.0,56.5,18.5,1,4,0
44,10,0.03,491.75,35.28,26.75,1,4,0
44,11,1345.0,563.5,124.0,18.0,1,1,0
44,7,1423.0,570.5,46.0,12.0,1,1,0
45,1,595.5,509.0,36.0,65.0,1,1,0
45,2,1478.0,571.5,36.0,12.0,1,1,0
45,5,1163.0,507.5,54.0,88.0,1,1,0
45,3,98.38,505.0,46.25,22.0,1,4,0
45,10,0.0,499.25,24.06,27.75,1,4,0
45,11,1273.0,567.0,86.0,17.0,1,1,0
46,1,559.0,499.25,40.0,67.25,1,1,0
46,2,1469.0,564.0,32.0,11.0,1,1,0
46,5,1132.0,500.0,58.0,86.0,1,1,0
46,3,86.81,501.75,47.06,20.25,1,4,0
46,11,1303.0,561.0,86.0,21.0,1,1,0
47,1,535.5,497.5,36.0,67.0,1,1,0
47,2,1462.0,566.0,34.0,12.0,1,1,0
47,5,1103.0,503.5,58.0,85.0,1,1,0
47,3,74.0,502.25,57.0,16.25,1,4,0
47,11,1296.0,563.5,86.0,20.0,1,1,0
47,7,1416.0,546.0,52.0,15.0,1,1,0
48,1,506.75,505.5,33.25,67.0,1,1,0
48,2,1448.0,571.0,34.0,11.0,1,1,0
48,5,1079.0,507.5,50.0,85.0,1,1,0
48,3,59.47,506.5,56.53,21.0,1,4,0
48,11,1227.0,566.5,98.0,15.0,1,1,0
48,7,1407.0,554.0,44.0,10.0,1,1,0
49,1,473.5,501.0,34.5,69.0,1,1,0
49,2,1437.0,566.5,32.0,10.0,1,1,0
49,5,1054.0,534.5,46.0,54.0,1,1,0
49,3,54.06,503.5,48.62,20.0,1,4,0
49,11,1264.0,565.5,94.0,14.0,1,1,0
49,7,1391.0,549.0,52.0,11.0,1,1,0
50,1,433.5,497.5,36.5,69.0,1,1,0
50,2,1421.0,564.0,42.0,11.0,1,1,0
50,5,1025.0,526.5,46.0,59.0,1,1,0
50,3,37.88,505.75,57.12,16.75,1,4,0
50,11,1254.0,564.0,92.0,17.0,1,1,0
50,7,1379.0,546.5,52.0,12.0,1,1,0
51,1,404.5,498.0,38.5,69.0,1,1,0
51,2,1417.0,569.5,34.0,11.0,1,1,0
51,5,1006.0,505.0,48.0,84.0,1,1,0
51,3,29.3,502.75,55.77,17.75,1,4,0
51,11,1274.0,566.0,68.0,19.0,1,1,0
51,7,1375.0,552.5,50.0,12.0,1,1,0
52,1,379.75,500.25,34.5,68.25,1,1,0
52,2,1414.0,564.0,34.0,11.0,1,1,0
52,5,1000.5,530.5,39.5,57.0,1,1,0
52,3,29.77,505.5,50.61,21.0,1,4,0
52,11,1200.0,565.5,80.0,11.0,1,1,0
52,14,1165.0,511.5,42.0,59.0,1,1,0
53,1,349.75,497.0,35.0,68.0,1,1,0
53,2,1407.0,564.0,34.0,10.0,1,1,0
53,5,978.0,499.0,42.0,86.0,1,1,0
53,3,26.97,502.0,47.41,18.0,1,4,0
53,14,1147.0,506.0,36.0,65.0,1,1,0
53,7,1367.0,545.5,56.0,12.0,1,1,0
54,1,324.75,492.0,37.0,67.0,1,1,0
54,2,1407.0,554.5,38.0,12.0,1,1,0
54,5,966.5,493.25,39.0,83.25,1,1,0
54,3,25.92,496.5,45.89,18.5,1,4,0
54,14,1137.0,498.75,34.0,64.75,1,1,0
54,7,1364.0,533.5,60.0,17.0,1,1,0
55,1,299.5,500.5,34.5,67.0,1,1,0
55,2,1410.0,562.5,48.0,13.0,1,1,0
55,5,937.0,499.5,47.0,84.0,1,1,0
55,3,24.38,502.0,47.12,20.0,1,4,0
55,14,1132.0,512.5,26.0,63.0,1,1,0
55,7,1362.0,542.0,44.0,15.0,1,1,0
55,11,1157.0,565.5,70.0,9.0,1,1,0
56,1,271.5,502.0,35.0,68.0,1,1,0
56,2,1402.0,565.0,36.0,12.0,1,1,0
56,5,915.5,501.75,49.0,84.25,1,1,0
56,3,21.89,503.75,46.86,20.25,1,4,0
56,14,1130.0,511.25,30.0,70.25,1,1,0
56,7,1362.0,545.0,54.0,17.0,1,1,0
57,1,247.0,500.75,34.0,66.25,1,1,0
57,2,1404.0,564.0,40.0,14.0,1,1,0
57,5,902.5,501.25,49.0,84.75,1,1,0
57,3,22.3,502.5,47.14,20.0,1,4,0
57,14,1119.0,506.5,34.0,72.0,1,1,0
57,7,1360.0,542.5,54.0,22.0,1,1,0
57,16,1170.0,526.0,68.0,50.0,1,1,0
57,11,1213.0,527.0,40.0,57.0,1,1,0
58,1,222.62,499.75,34.88,67.75,1,1,0
58,2,1407.0,564.5,38.0,11.0,1,1,0
58,5,893.5,501.5,45.0,84.0,1,1,0
58,3,22.02,501.5,47.48,21.0,1,4,0
58,14,1101.0,500.5,40.0,74.0,1,1,0
58,7,1354.0,540.5,56.0,24.0,1,1,0
58,16,1162.0,510.75,68.0,65.25,1,1,0
58,11,1210.0,519.5,26.0,64.0,1,1,0
59,1,197.25,491.0,33.0,69.0,1,1,0
59,2,1407.0,566.5,34.0,12.0,1,1,0
59,5,883.5,498.0,45.0,84.0,1,1,0
59,3,23.36,494.25,44.14,20.75,1,4,0
59,14,1098.0,502.5,28.0,72.0,1,1,0
59,7,1450.0,529.0,70.0,22.0,1,1,0
59,16,1153.0,508.5,46.0,66.0,1,1,0
60,1,178.5,493.0,35.25,71.0,1,1,0
60,2,1412.0,567.0,38.0,13.0,1,1,0
60,5,881.5,500.75,45.0,82.25,1,1,0
60,3,29.17,496.0,46.77,21.5,1,4,0
60,14,1088.0,503.75,34.0,75.75,1,1,0
60,7,1466.0,539.0,38.0,14.0,1,1,0
60,16,1156.0,510.0,32.0,67.0,1,1,0
60,11,1304.0,567.5,56.0,23.0,1,1,0
61,1,160.12,495.75,34.0,69.25,1,1,0
61,2,1420.0,564.5,32.0,11.0,1,1,0
61,5,879.5,499.5,45.0,82.0,1,1,0
61,3,33.66,498.75,48.84,20.75,1,4,0
61,14,1079.0,495.25,38.0,77.25,1,1,0
61,7,1471.0,535.5,38.0,15.0,1,1,0
61,16,1148.0,499.5,38.0,73.0,1,1,0
61,11,1291.0,564.5,76.0,23.0,1,1,0
62,1,140.25,494.25,35.0,71.25,1,1,0
62,2,1426.0,562.0,34.0,11.0,1,1,0
62,5,879.0,496.5,42.0,84.0,1,1,0
62,3,39.56,498.0,47.75,22.5,1,4,0
62,14,1079.0,499.25,32.0,70.75,1,1,0
62,7,1481.0,532.0,34.0,15.0,1,1,0
62,16,1145.0,509.25,26.0,64.75,1,1,0
63,1,112.56,504.5,35.81,72.0,1,1,0
63,5,871.0,510.0,41.0,81.0,1,1,0
63,3,39.81,507.25,47.12,22.25,1,4,0
63,14,1063.0,511.25,32.0,72.25,1,1,0
63,7,1476.0,543.5,40.0,16.0,1,1,0
63,16,1135.0,514.0,26.0,72.0,1,1,0
64,1,83.25,497.5,37.5,70.0,1,1,0
64,5,863.0,504.75,41.0,82.25,1,1,0
64,3,40.09,498.75,43.28,23.75,1,4,0
64,14,1047.0,507.75,32.0,71.25,1,1,0
64,7,1472.0,544.0,42.0,15.0,1,1,0
64,16,1110.0,507.0,36.0,76.0,1,1,0
64,2,1422.0,573.5,38.0,12.0,1,1,0
65,1,63.0,509.75,35.75,72.25,1,1,0
65,5,856.5,503.5,43.0,83.0,1,1,0
65,3,41.69,512.5,32.25,22.0,1,4,0
65,14,1034.0,506.0,32.0,73.0,1,1,0
65,7,1481.0,535.0,36.0,15.0,1,1,0
65,16,1093.0,504.25,40.0,77.25,1,1,0
65,2,1426.0,566.0,34.0,11.0,1,1,0
65,11,1235.0,566.0,54.0,22.0,1,1,0
66,1,33.84,502.5,39.03,72.0,1,1,0
66,5,844.0,505.75,44.0,80.25,1,1,0
66,3,35.12,505.0,48.5,24.0,1,4,0
66,14,1009.5,505.25,39.5,72.75,1,1,0
66,7,1470.0,538.5,44.0,14.0,1,1,0
66,16,1077.0,504.25,38.0,75.25,1,1,0
66,2,1425.0,566.5,38.0,12.0,1,1,0
66,11,1231.0,565.5,60.0,23.0,1,1,0
67,1,17.05,497.25,37.83,70.75,1,1,0
67,5,843.0,504.5,43.0,81.0,1,1,0
67,3,48.0,502.0,45.75,23.0,1,4,0
67,14,996.5,506.25,42.5,70.25,1,1,0
67,7,1479.0,541.5,44.0,15.0,1,1,0
67,16,1062.0,504.0,44.0,77.0,1,1,0
67,2,1433.0,570.5,36.0,12.0,1,1,0
67,11,1239.0,558.0,60.0,32.0,1,1,0
68,1,2.0,500.5,37.19,71.0,1,1,0
68,5,844.5,502.25,39.0,80.75,1,1,0
68,3,56.5,503.5,45.0,22.0,1,4,0
68,14,997.5,505.5,30.5,70.0,1,1,0
68,7,1497.0,538.0,34.0,15.0,1,1,0
68,16,1050.0,503.25,54.0,76.75,1,1,0
68,11,1241.0,554.0,64.0,32.0,1,1,0
69,1,-0.0,501.25,22.84,67.75,1,1,0
69,5,845.0,500.5,35.0,81.0,1,1,0
69,3,61.81,503.75,47.5,21.75,1,4,0
69,14,976.0,502.25,42.0,69.25,1,1,0
69,7,1495.0,534.5,44.0,15.0,1,1,0
69,16,1040.0,510.75,50.0,63.75,1,1,0
69,11,1250.0,553.0,60.0,30.0,1,1,0
69,2,1446.0,564.5,38.0,11.0,1,1,0
70,5,842.5,502.5,38.0,81.0,1,1,0
70,3,52.12,507.0,64.5,19.0,1,4,0
70,14,959.5,504.0,41.0,71.0,1,1,0
70,7,1507.0,538.5,36.0,15.0,1,1,0
70,16,1034.0,507.25,46.0,70.75,1,1,0
70,11,1304.0,559.5,62.0,26.0,1,1,0
70,2,1450.0,568.0,40.0,13.0,1,1,0
71,5,831.0,502.25,41.0,79.25,1,1,0
71,3,53.5,508.5,60.0,19.0,1,4,0
71,14,948.5,502.75,29.0,70.25,1,1,0
71,7,1501.0,536.5,40.0,15.0,1,1,0
71,16,1032.0,505.5,32.0,78.0,1,1,0
71,11,1259.0,557.0,106.0,30.0,1,1,0
71,2,1448.0,565.5,38.0,13.0,1,1,0
72,5,817.0,500.25,52.0,80.75,1,1,0
72,3,47.59,509.25,64.91,16.75,1,4,0
72,14,915.0,498.75,42.0,73.75,1,1,0
72,7,1498.0,536.0,42.0,15.0,1,1,0
72,16,1020.5,504.0,25.5,72.0,1,1,0
72,11,1258.0,555.5,102.0,30.0,1,1,0
72,2,1445.0,566.5,36.0,12.0,1,1,0
73,5,810.5,497.0,50.0,81.0,1,1,0
73,3,66.62,501.75,51.88,20.25,1,4,0
73,14,903.0,497.5,43.0,73.0,1,1,0
73,7,1505.0,536.0,42.0,15.0,1,1,0
73,16,995.5,499.25,37.5,74.75,1,1,0
73,11,1261.0,538.0,42.0,44.0,1,1,0
73,2,1453.0,566.0,36.0,12.0,1,1,0
73,18,1381.0,569.5,38.0,11.0,1,1,0
74,5,802.0,497.0,43.0,80.0,1,1,0
74,3,71.81,501.0,57.56,20.0,1,4,0
74,14,895.5,497.5,42.0,73.0,1,1,0
74,7,1517.0,538.5,34.0,14.0,1,1,0
74,16,986.5,498.5,38.5,74.0,1,1,0
74,11,1273.0,543.0,36.0,41.0,1,1,0
74,2,1462.0,566.5,38.0,13.0,1,1,0
74,18,1384.0,571.0,40.0,12.0,1,1,0
75,5,788.5,503.75,33.0,79.25,1,1,0
75,3,73.75,511.25,53.5,20.25,1,4,0
75,14,876.0,502.5,41.0,73.0,1,1,0
75,7,1519.0,536.5,34.0,16.0,1,1,0
75,16,964.5,501.75,40.0,76.25,1,1,0
75,11,1256.0,529.5,44.0,56.0,1,1,0
75,2,1461.0,566.0,38.0,13.0,1,1,0
75,18,1384.0,573.5,36.0,10.0,1,1,0
76,5,774.5,496.75,37.0,79.25,1,1,0
76,3,75.75,498.5,48.75,20.5,1,4,0
76,14,856.0,497.25,38.0,70.25,1,1,0
76,7,1509.0,534.5,42.0,15.0,1,1,0
76,16,942.0,496.25,32.0,74.75,1,1,0
76,11,1253.0,512.0,30.0,69.0,1,1,0
76,2,1456.0,562.5,42.0,14.0,1,1,0
76,18,1388.0,570.5,30.0,9.0,1,1,0
76,19,1285.0,536.0,100.0,49.0,1,1,0
77,5,761.5,495.75,33.0,79.25,1,1,0
77,3,69.5,502.25,51.0,21.25,1,4,0
77,14,847.0,498.0,28.0,69.0,1,1,0
77,7,1508.0,534.0,38.0,15.0,1,1,0
77,16,916.0,496.25,31.0,74.75,1,1,0
77,11,1242.0,514.0,32.0,67.0,1,1,0
77,2,1457.0,561.5,38.0,13.0,1,1,0
77,18,1414.0,568.5,32.0,9.0,1,1,0
77,19,1298.0,536.0,76.0,49.0,1,1,0
78,5,761.5,504.0,40.0,76.0,1,1,0
78,3,66.5,511.25,55.0,19.25,1,4,0
78,14,815.0,502.5,49.0,70.0,1,1,0
78,7,1508.0,536.0,32.0,14.0,1,1,0
78,16,901.0,498.75,32.0,76.75,1,1,0
78,11,1236.0,510.5,50.0,71.0,1,1,0
78,2,1456.0,562.5,40.0,14.0,1,1,0
78,19,1292.0,536.0,82.0,49.0,1,1,0
79,5,734.0,497.25,48.0,77.25,1,1,0
79,3,74.88,498.75,49.38,21.75,1,4,0
79,14,799.5,497.0,43.0,71.0,1,1,0
79,7,1507.0,538.5,32.0,13.0,1,1,0
79,16,884.0,495.25,34.0,76.75,1,1,0
79,11,1238.0,505.5,48.0,75.0,1,1,0
79,2,1456.0,565.0,36.0,12.0,1,1,0
79,19,1309.0,537.5,50.0,47.0,1,1,0
80,5,714.0,503.0,47.0,76.0,1,1,0
80,3,76.94,506.25,48.0,22.75,1,4,0
80,14,786.0,503.25,38.0,69.25,1,1,0
80,16,873.5,499.0,33.0,77.0,1,1,0
80,11,1249.0,536.5,38.0,50.0,1,1,0
80,2,1461.0,567.0,38.0,13.0,1,1,0
80,19,1302.0,530.0,36.0,60.0,1,1,0
80,18,1391.0,570.5,36.0,13.0,1,1,0
81,5,690.0,499.5,52.0,76.0,1,1,0
81,3,75.94,506.75,48.38,21.25,1,4,0
81,14,756.0,500.5,45.0,69.0,1,1,0
81,16,863.5,496.0,42.0,77.0,1,1,0
81,11,1227.0,504.0,54.0,74.0,1,1,0
81,2,1460.0,559.5,40.0,13.0,1,1,0
81,19,1288.0,515.5,32.0,67.0,1,1,0
81,18,1385.0,563.5,42.0,12.0,1,1,0
82,5,664.0,499.5,54.0,74.0,1,1,0
82,3,66.25,501.75,58.0,17.75,1,4,0
82,14,725.5,499.75,48.0,68.25,1,1,0
82,16,854.0,497.75,36.0,75.75,1,1,0
82,11,1223.0,508.0,54.0,75.0,1,1,0
82,2,1460.0,567.0,36.0,12.0,1,1,0
82,19,1280.0,516.0,34.0,72.0,1,1,0
82,18,1384.0,568.5,42.0,13.0,1,1,0
83,5,641.5,500.0,52.0,75.0,1,1,0
83,3,81.44,503.25,55.81,21.25,1,4,0
83,14,707.0,501.25,46.0,68.25,1,1,0
83,16,825.5,499.75,49.0,74.75,1,1,0
83,11,1227.0,507.5,46.0,77.0,1,1,0
83,2,1464.0,567.5,38.0,13.0,1,1,0
83,19,1281.0,521.5,34.0,69.0,1,1,0
83,18,1392.0,571.0,42.0,12.0,1,1,0
83,7,1524.0,540.0,32.0,12.0,1,1,0
84,5,616.5,499.0,47.0,76.0,1,1,0
84,3,66.5,507.75,66.0,18.25,1,4,0
84,14,687.5,500.5,45.0,67.0,1,1,0
84,16,808.0,496.5,44.0,77.0,1,1,0
84,11,1219.0,503.5,44.0,78.0,1,1,0
84,2,1467.0,561.0,42.0,15.0,1,1,0
84,19,1269.0,512.5,44.0,73.0,1,1,0
84,7,1524.0,534.5,34.0,15.0,1,1,0
85,5,591.5,497.5,48.0,76.0,1,1,0
85,3,76.38,506.5,61.0,18.0,1,4,0
85,14,670.5,502.5,49.0,66.0,1,1,0
85,16,785.5,495.75,46.0,76.75,1,1,0
85,11,1208.0,503.0,42.0,78.0,1,1,0
85,2,1467.0,568.0,28.0,11.0,1,1,0
85,19,1264.0,505.75,46.0,81.25,1,1,0
85,7,1526.0,536.0,34.0,15.0,1,1,0
85,18,1426.0,542.0,56.0,20.0,1,1,0
86,5,579.5,498.5,39.0,74.0,1,1,0
86,3,87.12,502.0,49.12,20.0,1,4,0
86,14,647.0,503.75,47.0,62.25,1,1,0
86,16,765.5,495.0,46.0,77.0,1,1,0
86,11,1200.0,503.75,32.0,80.25,1,1,0
86,19,1257.0,506.5,46.0,81.0,1,1,0
86,7,1529.0,538.0,32.0,14.0,1,1,0
86,18,1428.0,542.5,60.0,19.0,1,1,0
87,5,537.5,499.5,48.0,73.0,1,1,0
87,3,83.44,502.5,49.31,22.0,1,4,0
87,14,612.0,499.5,39.0,70.0,1,1,0
87,16,736.0,494.75,48.0,77.75,1,1,0
87,11,1172.0,500.75,38.0,84.25,1,1,0
87,19,1239.0,506.25,96.0,77.75,1,1,0
87,7,1521.0,533.5,38.0,15.0,1,1,0
87,18,1423.0,544.5,56.0,16.0,1,1,0
88,5,500.5,497.25,43.0,75.25,1,1,0
88,3,66.25,503.5,59.0,21.0,1,4,0
88,14,573.5,500.75,40.0,68.25,1,1,0
88,16,697.5,495.5,49.0,77.0,1,1,0
88,11,1137.0,501.5,44.0,82.0,1,1,0
88,19,1259.0,525.5,68.0,57.0,1,1,0
88,7,1511.0,536.5,34.0,14.0,1,1,0
88,18,1411.0,547.5,46.0,13.0,1,1,0
89,5,457.5,495.5,47.5,73.0,1,1,0
89,3,53.72,502.25,60.03,18.25,1,4,0
89,14,537.5,496.75,38.0,68.25,1,1,0
89,16,658.5,494.5,52.0,76.0,1,1,0
89,11,1115.0,501.0,42.0,84.0,1,1,0
89,19,1236.0,519.5,76.0,59.0,1,1,0
89,7,1501.0,538.5,36.0,13.0,1,1,0
89,18,1404.0,549.5,42.0,11.0,1,1,0
89,20,1191.0,506.25,42.0,79.75,1,1,0
90,5,422.25,503.25,49.5,69.75,1,1,0
90,3,52.5,504.25,47.75,21.25,1,4,0
90,14,499.0,502.5,38.0,67.0,1,1,0
90,16,617.0,498.25,52.0,75.75,1,1,0
90,11,1092.0,505.25,36.0,80.25,1,1,0
90,19,1220.0,515.0,64.0,64.0,1,1,0
90,7,1491.0,538.5,36.0,14.0,1,1,0
90,20,1176.0,507.0,36.0,80.0,1,1,0
91,5,396.75,493.5,40.0,73.0,1,1,0
91,3,46.78,499.5,48.22,21.5,1,4,0
91,14,465.0,495.0,39.0,68.0,1,1,0
91,16,582.5,491.75,52.0,75.75,1,1,0
91,11,1074.0,499.75,36.0,78.25,1,1,0
91,19,1211.0,501.25,54.0,70.75,1,1,0
91,7,1487.0,531.0,36.0,13.0,1,1,0
91,20,1155.0,500.75,38.0,81.25,1,1,0
91,18,1388.0,542.0,42.0,12.0,1,1,0
92,5,369.5,508.75,43.0,69.75,1,1,0
92,3,41.16,511.5,46.09,22.0,1,4,0
92,14,430.5,507.0,38.5,68.0,1,1,0
92,16,546.0,505.25,53.0,74.75,1,1,0
92,11,1050.0,513.5,38.0,72.0,1,1,0
92,19,1204.0,510.25,36.0,71.25,1,1,0
92,7,1482.0,540.5,34.0,15.0,1,1,0
92,20,1127.0,510.5,38.0,82.0,1,1,0
93,5,337.75,498.75,48.0,68.75,1,1,0
93,3,31.86,500.25,45.95,21.75,1,4,0
93,14,393.25,497.25,41.0,67.75,1,1,0
93,16,506.75,496.25,55.25,73.75,1,1,0
93,11,1014.0,502.5,46.0,74.0,1,1,0
93,19,1179.0,500.75,34.0,75.25,1,1,0
93,7,1471.0,535.0,36.0,14.0,1,1,0
93,20,1092.0,503.0,46.0,83.0,1,1,0
93,18,1341.0,565.5,42.0,14.0,1,1,0
94,5,309.25,500.75,50.0,66.25,1,1,0
94,3,26.05,500.25,48.64,22.25,1,4,0
94,14,359.5,498.5,40.5,66.0,1,1,0
94,16,468.25,497.25,56.75,72.75,1,1,0
94,11,999.0,506.25,36.0,74.25,1,1,0
94,19,1165.0,501.5,34.0,77.0,1,1,0
94,7,1468.0,537.0,34.0,15.0,1,1,0
94,20,1065.0,504.5,40.0,81.0,1,1,0
94,18,1340.0,567.5,38.0,14.0,1,1,0
95,5,278.5,510.5,50.0,68.0,1,1,0
95,3,18.09,512.0,46.66,20.0,1,4,0
95,14,324.5,508.0,37.5,66.0,1,1,0
95,16,431.75,505.5,52.5,73.0,1,1,0
95,11,963.5,515.0,41.0,73.0,1,1,0
95,19,1151.0,514.5,30.0,73.0,1,1,0
95,7,1459.0,545.0,34.0,14.0,1,1,0
95,20,1038.0,517.0,38.0,78.0,1,1,0
95,18,1331.0,576.0,36.0,13.0,1,1,0
96,5,260.75,493.75,48.5,65.25,1,1,0
96,3,14.94,495.75,43.25,19.75,1,4,0
96,14,291.5,491.25,39.0,66.25,1,1,0
96,16,407.75,489.25,42.5,72.25,1,1,0
96,11,948.0,502.25,37.0,74.25,1,1,0
96,19,1151.0,521.5,24.0,54.0,1,1,0
96,7,1414.0,541.0,70.0,14.0,1,1,0
96,20,1015.0,502.0,40.0,79.0,1,1,0
96,18,1324.0,566.0,40.0,12.0,1,1,0
97,5,241.25,508.0,56.0,63.0,1,1,0
97,3,14.92,507.0,44.64,22.0,1,4,0
97,16,380.5,500.0,41.5,73.0,1,1,0
97,11,937.5,507.0,42.0,73.0,1,1,0
97,19,1139.0,499.5,30.0,76.0,1,1,0
97,7,1418.0,539.0,68.0,15.0,1,1,0
97,20,978.5,507.0,50.5,78.0,1,1,0
97,18,1296.0,563.0,70.0,17.0,1,1,0
98,5,224.38,503.75,34.88,65.25,1,1,0
98,3,17.5,505.5,44.88,21.0,1,4,0
98,16,356.75,501.75,42.5,70.25,1,1,0
98,11,913.0,511.75,54.0,68.25,1,1,0
98,19,1144.0,504.0,24.0,75.0,1,1,0
98,7,1415.0,547.0,68.0,14.0,1,1,0
98,20,965.5,513.0,37.0,74.0,1,1,0
98,18,1312.0,562.5,60.0,24.0,1,1,0
98,14,228.38,497.5,27.5,56.0,1,1,0
99,5,222.12,496.0,21.75,52.0,1,1,0
99,3,27.13,499.25,45.62,20.25,1,4,0
99,16,327.25,496.75,56.5,69.25,1,1,0
99,11,914.5,509.0,39.0,69.0,1,1,0
99,19,1135.0,502.5,36.0,76.0,1,1,0
99,7,1429.0,546.5,66.0,15.0,1,1,0
99,20,951.5,509.25,35.0,74.25,1,1,0
99,18,1339.0,555.0,88.0,22.0,1,1,0
99,14,227.0,502.25,46.75,62.25,1,1,0
100,5,214.12,500.5,12.75,22.5,1,1,0
100,3,31.2,507.25,47.11,19.75,1,4,0
100,16,313.0,498.0,45.5,70.0,1,1,0
100,11,891.0,504.75,43.0,68.75,1,1,0
100,19,1134.0,498.75,28.0,75.75,1,1,0
100,7,1435.0,536.0,66.0,16.0,1,1,0
100,20,934.0,505.25,34.0,76.25,1,1,0
100,18,1356.0,548.5,72.0,26.0,1,1,0
100,14,212.38,505.25,32.75,64.25,1,1,0
101,3,36.88,495.5,45.75,20.0,1,4,0
101,16,297.0,489.75,37.5,71.25,1,1,0
101,11,885.0,507.25,36.0,67.75,1,1,0
101,19,1137.0,514.5,26.0,66.0,1,1,0
101,7,1480.0,541.0,32.0,14.0,1,1,0
101,20,922.5,508.25,32.0,74.75,1,1,0
101,18,1363.0,560.0,70.0,23.0,1,1,0
101,14,199.75,492.5,30.5,68.0,1,1,0
101,2,1439.0,550.0,62.0,13.0,1,1,0
102,3,42.81,506.25,47.0,23.25,1,4,0
102,16,268.75,500.5,48.5,71.0,1,1,0
102,11,864.0,507.5,42.0,69.0,1,1,0
102,19,1139.0,500.25,30.0,78.25,1,1,0
102,7,1448.0,537.5,68.0,17.0,1,1,0
102,20,900.5,510.75,46.0,73.75,1,1,0
102,18,1328.0,553.0,112.0,25.0,1,1,0
102,14,192.0,503.5,34.5,68.0,1,1,0
102,22,221.0,497.5,36.5,72.0,1,1,0
103,3,48.84,497.75,46.16,21.25,1,4,0
103,16,254.62,494.75,42.62,68.25,1,1,0
103,11,850.5,502.75,43.0,68.25,1,1,0
103,19,1145.0,518.0,32.0,56.0,1,1,0
103,7,1452.0,538.5,68.0,16.0,1,1,0
103,20,896.0,506.25,40.0,74.75,1,1,0
103,18,1359.0,550.0,86.0,30.0,1,1,0
103,14,176.5,493.5,33.0,69.0,1,1,0
103,22,224.12,491.0,23.5,71.0,1,1,0
104,3,54.06,503.5,47.62,24.0,1,4,0
104,16,235.0,504.75,47.0,63.75,1,1,0
104,11,841.0,505.25,40.0,68.25,1,1,0
104,19,1153.0,519.5,32.0,59.0,1,1,0
104,7,1498.0,534.0,32.0,14.0,1,1,0
104,20,885.0,508.25,36.0,74.25,1,1,0
104,14,167.12,500.75,26.0,67.75,1,1,0
104,22,227.62,498.0,27.25,68.0,1,1,0
104,2,1462.0,538.5,64.0,15.0,1,1,0
105,3,57.75,511.75,44.12,22.75,1,4,0
105,16,206.75,512.5,47.25,63.0,1,1,0
105,11,820.0,510.5,43.0,67.0,1,1,0
105,19,1142.0,501.5,42.0,75.0,1,1,0
105,7,1494.0,532.5,36.0,15.0,1,1,0
105,20,869.0,512.5,34.0,73.0,1,1,0
105,14,151.75,508.75,33.75,68.25,1,1,0
105,22,209.12,506.0,25.75,52.0,1,1,0
105,2,1462.0,535.5,68.0,18.0,1,1,0
105,18,1342.0,546.0,112.0,34.0,1,1,0
106,3,56.44,492.5,44.62,23.0,1,4,0
106,16,182.62,489.5,50.0,69.0,1,1,0
106,11,805.5,504.5,41.0,68.0,1,1,0
106,19,1134.0,501.5,44.0,73.0,1,1,0
106,7,1491.0,538.5,40.0,15.0,1,1,0
106,20,852.0,506.0,34.0,75.0,1,1,0
106,14,147.88,490.5,26.5,69.0,1,1,0
106,2,1458.0,541.5,72.0,17.0,1,1,0
107,3,54.81,503.0,45.88,24.0,1,4,0
107,16,162.25,498.0,29.5,68.0,1,1,0
107,11,784.0,506.0,44.0,68.0,1,1,0
107,19,1135.0,502.75,40.0,70.75,1,1,0
107,7,1489.0,532.0,44.0,17.0,1,1,0
107,20,831.0,504.25,39.0,78.75,1,1,0
107,14,139.62,499.5,29.25,68.0,1,1,0
107,2,1463.0,533.5,68.0,20.0,1,1,0
107,22,190.75,497.25,30.0,68.25,1,1,0
107,18,1372.0,550.0,84.0,27.0,1,1,0
108,3,56.81,502.0,45.75,23.0,1,4,0
108,16,131.25,497.75,39.5,70.75,1,1,0
108,11,767.5,507.0,44.0,67.0,1,1,0
108,19,1112.0,499.25,52.0,74.25,1,1,0
108,20,817.5,504.75,38.0,78.75,1,1,0
108,2,1462.0,534.5,68.0,20.0,1,1,0
108,22,175.88,497.5,32.75,68.0,1,1,0
108,18,1384.0,551.0,72.0,26.0,1,1,0
109,3,61.31,498.25,42.62,23.75,1,4,0
109,16,120.19,492.0,39.94,73.0,1,1,0
109,11,754.0,504.25,41.0,67.75,1,1,0
109,19,1101.0,499.0,42.0,76.0,1,1,0
109,20,799.0,501.0,42.0,79.0,1,1,0
109,2,1466.0,535.5,68.0,21.0,1,1,0
109,22,162.12,494.0,32.75,68.0,1,1,0
109,18,1388.0,552.0,70.0,29.0,1,1,0
110,3,67.56,507.25,41.38,23.75,1,4,0
110,16,104.25,500.75,48.5,71.25,1,1,0
110,11,740.0,508.5,44.0,68.0,1,1,0
110,19,1094.0,502.0,44.0,74.0,1,1,0
110,20,791.5,506.25,40.0,77.25,1,1,0
110,22,147.5,501.5,35.5,67.0,1,1,0
110,18,1387.0,551.0,80.0,28.0,1,1,0
111,3,71.44,504.0,27.88,19.0,1,4,0
111,16,88.12,493.0,43.25,74.0,1,1,0
111,11,727.0,504.25,42.0,67.75,1,1,0
111,19,1086.0,496.75,46.0,74.25,1,1,0
111,20,774.0,501.75,44.0,78.25,1,1,0
111,22,129.25,498.25,41.75,67.75,1,1,0
111,18,1391.0,551.5,78.0,27.0,1,1,0
111,23,1296.0,545.0,84.0,32.0,1,1,0
111,2,1476.0,532.5,70.0,21.0,1,1,0
112,16,72.75,492.75,41.25,75.75,1,1,0
112,11,716.0,506.0,39.0,68.0,1,1,0
112,19,1083.0,499.5,38.0,77.0,1,1,0
112,20,757.0,505.25,47.0,77.75,1,1,0
112,22,114.5,499.0,49.75,66.0,1,1,0
112,18,1400.0,556.5,72.0,28.0,1,1,0
112,23,1294.0,552.0,88.0,30.0,1,1,0
112,2,1481.0,538.0,68.0,20.0,1,1,0
113,16,44.5,497.25,44.12,70.25,1,1,0
113,11,696.0,503.25,39.0,69.25,1,1,0
113,19,1078.0,499.5,34.0,74.0,1,1,0
113,20,732.0,505.5,47.0,76.0,1,1,0
113,22,114.81,499.75,37.69,66.75,1,1,0
113,18,1401.0,553.5,68.0,25.0,1,1,0
113,23,1289.0,552.0,84.0,32.0,1,1,0
113,2,1474.0,538.5,70.0,19.0,1,1,0
113,3,74.12,502.25,28.88,19.25,1,4,0
113,14,84.88,498.0,35.88,66.0,1,1,0
114,16,27.44,496.0,39.5,74.0,1,1,0
114,11,680.5,504.5,40.0,69.0,1,1,0
114,19,1057.0,500.5,44.0,73.0,1,1,0
114,20,719.0,508.5,42.0,73.0,1,1,0
114,22,101.5,500.5,43.0,67.0,1,1,0
114,18,1398.0,553.5,70.0,26.0,1,1,0
114,23,1278.0,551.5,96.0,31.0,1,1,0
114,2,1478.0,535.5,66.0,21.0,1,1,0
114,14,65.75,498.0,39.5,69.0,1,1,0
115,16,3.73,493.0,51.39,74.0,1,1,0
115,11,665.0,500.25,43.0,71.25,1,1,0
115,19,1053.0,500.5,44.0,72.0,1,1,0
115,20,711.5,507.0,39.0,73.0,1,1,0
115,22,102.06,496.5,36.06,70.0,1,1,0
115,23,1274.0,553.5,70.0,26.0,1,1,0
115,2,1480.0,537.0,70.0,20.0,1,1,0
115,14,50.88,495.25,36.38,67.75,1,1,0
115,3,80.06,503.0,30.0,20.0,1,4,0
116,16,0.13,494.5,38.19,76.0,1,1,0
116,11,661.0,504.25,37.0,69.75,1,1,0
116,19,1050.0,501.0,40.0,73.0,1,1,0
116,20,695.0,509.0,44.0,73.0,1,1,0
116,22,105.12,500.75,36.75,66.75,1,1,0
116,23,1276.0,554.0,108.0,29.0,1,1,0
116,2,1488.0,537.5,70.0,20.0,1,1,0
116,14,36.5,497.5,38.5,67.0,1,1,0
116,3,85.69,507.0,31.12,18.0,1,4,0
116,18,1410.0,553.0,72.0,30.0,1,1,0
117,16,0.04,499.0,23.8,70.0,1,1,0
117,11,636.0,504.5,45.0,69.0,1,1,0
117,19,1042.0,500.75,40.0,71.75,1,1,0
117,20,686.0,510.25,40.0,71.25,1,1,0
117,22,99.19,501.25,36.56,67.75,1,1,0
117,23,1269.0,554.0,88.0,28.0,1,1,0
117,2,1491.0,535.5,70.0,21.0,1,1,0
117,14,19.11,499.0,39.02,68.0,1,1,0
117,3,84.75,510.0,24.75,17.0,1,4,0
117,18,1409.0,553.5,74.0,33.0,1,1,0
118,11,623.5,498.75,37.0,69.75,1,1,0
118,19,1031.0,496.5,40.0,73.0,1,1,0
118,20,660.0,504.0,50.0,72.0,1,1,0
118,22,92.25,490.5,36.12,71.0,1,1,0
118,23,1275.0,555.5,94.0,23.0,1,1,0
118,2,1494.0,537.0,68.0,20.0,1,1,0
118,14,0.41,489.5,36.72,68.0,1,1,0
118,3,90.88,494.0,40.12,23.0,1,4,0
118,18,1406.0,553.0,80.0,31.0,1,1,0
119,11,592.0,503.0,43.0,70.0,1,1,0
119,19,1023.5,500.75,34.5,72.25,1,1,0
119,20,641.0,507.75,45.0,73.25,1,1,0
119,22,69.88,498.25,44.5,67.25,1,1,0
119,23,1269.0,554.0,76.0,26.0,1,1,0
119,2,1492.0,537.0,68.0,20.0,1,1,0
119,14,-0.0,495.25,12.02,73.75,1,1,0
119,3,106.25,501.25,24.88,22.75,1,4,0
119,18,1400.0,555.0,84.0,31.0,1,1,0
120,11,561.0,494.0,45.0,70.0,1,1,0
120,19,1019.5,494.75,34.5,75.75,1,1,0
120,20,629.0,501.25,40.0,71.75,1,1,0
120,22,59.75,484.25,37.25,66.75,1,1,0
120,23,1260.0,549.5,84.0,29.0,1,1,0
120,2,1488.0,541.5,68.0,19.0,1,1,0
120,3,90.62,487.75,39.12,23.5,1,4,0
120,18,1351.0,553.0,126.0,30.0,1,1,0
121,11,545.0,488.0,37.0,70.0,1,1,0
121,19,1022.5,490.5,28.5,73.0,1,1,0
121,20,606.0,494.25,42.0,73.75,1,1,0
121,22,44.38,481.5,44.0,66.0,1,1,0
121,23,1252.0,535.0,90.0,37.0,1,1,0
121,2,1488.0,534.0,68.0,20.0,1,1,0
121,3,84.38,485.75,44.38,23.5,1,4,0
121,18,1351.0,547.0,128.0,32.0,1,1,0
122,11,523.5,497.0,39.0,69.0,1,1,0
122,19,1003.5,491.0,44.5,71.0,1,1,0
122,20,599.0,503.0,39.0,72.0,1,1,0
122,22,37.88,500.5,38.19,65.0,1,1,0
122,23,1256.0,525.5,80.0,40.0,1,1,0
122,3,84.69,501.5,44.19,23.0,1,4,0
122,18,1403.0,541.0,82.0,28.0,1,1,0
122,7,1489.0,524.5,70.0,21.0,1,1,0
123,11,501.0,502.75,37.0,69.75,1,1,0
123,19,998.5,499.5,43.5,71.0,1,1,0
123,20,585.0,506.0,43.0,75.0,1,1,0
123,22,21.83,499.75,39.55,65.25,1,1,0
123,23,1258.0,530.0,76.0,45.0,1,1,0
123,3,89.88,503.5,44.38,23.0,1,4,0
123,18,1413.0,553.0,74.0,26.0,1,1,0
123,2,1493.0,534.5,70.0,21.0,1,1,0
124,11,477.25,502.75,36.75,67.75,1,1,0
124,19,995.5,501.25,31.5,71.75,1,1,0
124,20,572.0,504.0,40.0,77.0,1,1,0
124,22,5.42,500.25,43.39,63.25,1,1,0
124,23,1244.0,535.5,92.0,45.0,1,1,0
124,3,91.25,503.25,45.38,22.25,1,4,0
124,18,1410.0,556.0,78.0,26.0,1,1,0
124,2,1495.0,537.5,70.0,20.0,1,1,0
125,11,439.25,503.5,37.5,68.0,1,1,0
125,19,969.0,503.5,39.0,69.0,1,1,0
125,20,541.0,504.5,39.0,78.0,1,1,0
125,22,0.0,502.75,19.75,62.25,1,1,0
125,23,1241.0,533.5,76.0,48.0,1,1,0
125,3,78.0,507.0,46.25,20.0,1,4,0
125,18,1405.0,554.5,70.0,25.0,1,1,0
126,11,406.5,495.0,38.0,69.0,1,1,0
126,19,940.0,499.25,41.0,67.75,1,1,0
126,20,523.0,496.25,36.0,77.25,1,1,0
126,23,1219.0,528.5,86.0,53.0,1,1,0
126,3,70.75,496.25,46.5,20.25,1,4,0
126,2,1478.0,536.5,66.0,20.0,1,1,0
127,11,375.5,500.0,36.5,67.0,1,1,0
127,19,913.0,502.25,38.0,67.75,1,1,0
127,20,503.5,501.0,37.0,76.0,1,1,0
127,23,1215.0,524.5,72.0,57.0,1,1,0
127,3,63.41,499.5,45.84,22.5,1,4,0
127,18,1365.0,554.5,96.0,25.0,1,1,0
128,11,345.0,494.0,42.0,66.0,1,1,0
128,19,885.5,498.25,40.0,69.75,1,1,0
128,20,481.75,496.0,43.75,75.0,1,1,0
128,23,1204.0,507.0,48.0,77.0,1,1,0
128,3,61.53,493.5,44.34,19.5,1,4,0
128,18,1380.0,558.0,76.0,27.0,1,1,0
128,2,1464.0,541.5,70.0,21.0,1,1,0
129,11,328.25,497.5,40.0,67.0,1,1,0
129,19,864.0,499.25,42.0,67.25,1,1,0
129,20,475.0,496.75,43.0,76.25,1,1,0
129,23,1189.0,508.5,60.0,74.0,1,1,0
129,3,61.5,499.0,48.0,18.5,1,4,0
129,2,1466.0,538.0,70.0,20.0,1,1,0
129,7,1500.0,537.5,36.0,17.0,1,1,0
130,11,301.0,498.5,40.5,66.0,1,1,0
130,19,838.5,500.5,45.0,66.0,1,1,0
130,20,457.25,499.25,39.5,75.25,1,1,0
130,23,1181.0,508.0,64.0,75.0,1,1,0
130,3,59.41,498.25,46.97,21.25,1,4,0
130,2,1463.0,539.5,70.0,20.0,1,1,0
131,11,272.0,503.25,37.0,65.75,1,1,0
131,19,819.5,499.5,40.0,68.0,1,1,0
131,20,435.5,504.0,40.0,76.0,1,1,0
131,23,1168.0,503.75,66.0,70.25,1,1,0
131,3,56.5,508.25,45.62,20.25,1,4,0
131,2,1463.0,529.0,68.0,22.0,1,1,0
131,18,1336.0,546.5,116.0,31.0,1,1,0
132,11,234.12,501.0,39.62,65.0,1,1,0
132,19,788.0,499.0,41.0,66.0,1,1,0
132,20,407.5,501.0,39.0,76.0,1,1,0
132,23,1152.0,504.25,40.0,75.75,1,1,0
132,3,44.41,503.25,46.09,21.25,1,4,0
132,2,1448.0,534.0,70.0,20.0,1,1,0
132,18,1319.0,550.0,122.0,32.0,1,1,0
132,7,1481.0,532.5,38.0,16.0,1,1,0
133,11,205.38,497.0,38.75,65.0,1,1,0
133,19,759.5,497.0,43.0,66.0,1,1,0
133,20,379.0,497.25,37.0,75.75,1,1,0
133,23,1131.0,502.0,38.0,70.0,1,1,0
133,3,36.81,497.5,45.31,20.5,1,4,0
133,2,1438.0,537.0,70.0,19.0,1,1,0
133,18,1298.0,548.5,132.0,31.0,1,1,0
134,11,172.75,493.75,39.5,64.75,1,1,0
134,19,733.0,494.75,42.0,63.75,1,1,0
134,20,348.75,491.0,35.5,77.0,1,1,0
134,23,1108.0,498.25,34.0,73.25,1,1,0
134,3,23.47,494.0,46.03,20.0,1,4,0
134,2,1429.0,533.5,70.0,20.0,1,1,0
134,18,1326.0,552.0,76.0,28.0,1,1,0
135,11,146.12,497.75,37.75,62.25,1,1,0
135,19,712.5,500.0,41.0,65.0,1,1,0
135,20,325.5,494.75,36.0,77.75,1,1,0
135,23,1082.0,505.25,36.0,75.25,1,1,0
135,3,20.05,497.25,44.95,20.75,1,4,0
135,2,1424.0,538.5,70.0,19.0,1,1,0
135,18,1319.0,554.5,96.0,31.0,1,1,0
136,11,119.31,506.75,36.94,63.25,1,1,0
136,19,692.5,504.0,38.0,64.0,1,1,0
136,20,306.75,501.75,37.0,78.25,1,1,0
136,23,1054.0,506.75,34.0,69.25,1,1,0
136,3,14.02,505.75,44.48,23.25,1,4,0
136,2,1418.0,537.5,68.0,20.0,1,1,0
136,18,1343.0,552.5,68.0,31.0,1,1,0
137,11,95.19,502.25,36.94,66.75,1,1,0
137,19,675.5,506.0,40.0,63.0,1,1,0
137,20,291.0,501.5,37.0,78.0,1,1,0
137,23,1030.0,509.25,32.0,68.25,1,1,0
137,3,13.94,504.25,43.25,22.75,1,4,0
137,2,1417.0,541.5,70.0,19.0,1,1,0
137,18,1333.0,558.5,76.0,30.0,1,1,0
138,11,80.0,494.25,37.12,63.75,1,1,0
138,19,666.0,496.25,39.0,63.75,1,1,0
138,20,283.0,492.75,37.5,75.25,1,1,0
138,23,1007.5,502.0,35.5,71.0,1,1,0
138,3,19.8,492.75,43.52,22.25,1,4,0
138,2,1422.0,534.5,70.0,20.0,1,1,0
138,18,1342.0,551.0,76.0,30.0,1,1,0
139,11,69.31,502.25,35.38,64.25,1,1,0
139,19,661.5,498.25,37.0,64.75,1,1,0
139,20,279.25,499.0,37.5,76.0,1,1,0
139,23,985.5,500.25,34.0,73.25,1,1,0
139,3,30.09,501.5,44.41,24.0,1,4,0
139,2,1434.0,530.5,68.0,20.0,1,1,0
139,18,1340.0,547.5,86.0,31.0,1,1,0
140,11,52.69,500.5,33.5,65.0,1,1,0
140,19,649.0,502.0,39.0,63.0,1,1,0
140,20,272.75,500.25,39.0,75.75,1,1,0
140,23,959.0,506.25,32.0,64.75,1,1,0
140,3,31.41,505.75,33.59,18.25,1,4,0
140,2,1436.0,538.5,70.0,19.0,1,1,0
141,11,39.94,498.25,34.38,66.25,1,1,0
141,19,631.0,499.0,45.0,64.0,1,1,0
141,20,259.5,497.75,42.0,77.75,1,1,0
141,23,926.5,504.75,44.0,67.75,1,1,0
141,3,41.25,497.75,45.38,23.75,1,4,0
141,2,1444.0,538.5,70.0,19.0,1,1,0
141,18,1340.0,554.0,98.0,32.0,1,1,0
142,11,25.44,500.5,36.0,66.0,1,1,0
142,19,629.5,500.25,37.0,65.25,1,1,0
142,20,260.25,500.75,35.0,75.75,1,1,0
142,23,911.0,503.5,37.0,67.0,1,1,0
142,3,56.06,502.75,41.0,23.25,1,4,0
142,2,1454.0,536.5,74.0,19.0,1,1,0
142,18,1354.0,565.5,50.0,17.0,1,1,0
143,11,2.98,498.0,44.58,64.0,1,1,0
143,19,612.0,500.0,38.0,64.0,1,1,0
143,20,242.25,498.0,42.0,76.0,1,1,0
143,23,886.0,503.5,32.0,68.0,1,1,0
143,3,56.06,499.75,43.12,22.25,1,4,0
143,2,1458.0,542.0,64.0,17.0,1,1,0
143,18,1362.0,555.0,90.0,29.0,1,1,0
144,11,0.0,497.25,30.08,62.75,1,1,0
144,19,596.0,497.75,37.0,63.25,1,1,0
144,20,242.25,496.5,37.0,75.0,1,1,0
144,23,853.0,501.75,37.0,66.75,1,1,0
144,3,58.25,499.75,45.62,20.25,1,4,0
144,2,1465.0,537.0,66.0,19.0,1,1,0
144,18,1373.0,552.5,82.0,26.0,1,1,0
144,24,1209.0,549.5,30.0,33.0,1,1,0
145,11,-0.0,494.0,8.94,63.0,1,1,0
145,19,575.0,493.75,38.0,63.75,1,1,0
145,20,231.12,493.5,35.88,76.0,1,1,0
145,23,820.0,496.0,38.0,70.0,1,1,0
145,3,58.38,499.0,44.75,18.5,1,4,0
145,2,1467.0,530.5,64.0,19.0,1,1,0
145,18,1370.0,547.5,84.0,25.0,1,1,0
145,24,1205.0,544.0,36.0,32.0,1,1,0
146,19,551.0,505.75,39.0,63.25,1,1,0
146,20,216.75,507.0,36.5,75.0,1,1,0
146,23,774.0,506.0,42.0,68.0,1,1,0
146,3,54.28,507.25,44.84,23.75,1,4,0
146,2,1457.0,539.5,70.0,20.0,1,1,0
146,18,1373.0,556.0,76.0,24.0,1,1,0
146,24,1198.0,551.0,38.0,35.0,1,1,0
147,19,529.5,501.5,37.0,62.0,1,1,0
147,20,203.88,501.25,36.25,74.75,1,1,0
147,23,752.5,504.75,33.0,66.25,1,1,0
147,3,52.0,503.25,45.25,21.25,1,4,0
147,18,1359.0,553.0,88.0,25.0,1,1,0
147,24,1193.0,551.0,32.0,32.0,1,1,0
148,19,507.0,492.25,38.0,62.75,1,1,0
148,20,182.88,491.0,43.75,74.0,1,1,0
148,23,718.0,496.5,37.0,67.0,1,1,0
148,3,44.56,494.5,49.88,21.0,1,4,0
148,18,1358.0,552.0,48.0,20.0,1,1,0
148,24,1189.0,545.0,32.0,34.0,1,1,0
148,2,1454.0,535.0,62.0,18.0,1,1,0
149,19,486.25,500.5,35.75,64.0,1,1,0
149,20,177.12,501.5,38.75,75.0,1,1,0
149,23,679.5,505.75,47.0,66.75,1,1,0
149,3,44.5,502.75,45.0,23.25,1,4,0
149,18,1332.0,560.5,58.0,19.0,1,1,0
149,2,1452.0,536.0,66.0,21.0,1,1,0
150,19,471.5,492.75,36.5,62.25,1,1,0
150,20,169.12,491.75,40.5,73.75,1,1,0
150,23,656.0,498.75,48.0,65.25,1,1,0
150,3,49.06,493.5,46.12,21.5,1,4,0
150,18,1326.0,561.5,60.0,15.0,1,1,0
150,2,1454.0,535.0,68.0,22.0,1,1,0
150,24,1187.0,549.0,60.0,34.0,1,1,0
151,19,451.0,506.25,39.5,60.75,1,1,0
151,20,157.25,506.5,37.25,73.0,1,1,0
151,23,636.0,506.75,36.0,67.25,1,1,0
151,3,49.28,507.0,44.34,24.0,1,4,0
151,2,1456.0,538.5,66.0,20.0,1,1,0
151,24,1183.0,553.5,44.0,33.0,1,1,0
152,19,433.75,497.5,36.5,61.0,1,1,0
152,20,144.12,496.75,37.75,73.25,1,1,0
152,23,609.5,497.5,38.0,69.0,1,1,0
152,3,49.31,497.5,44.75,22.0,1,4,0
152,2,1452.0,530.5,68.0,21.0,1,1,0
152,18,1294.0,539.5,70.0,41.0,1,1,0
153,19,416.0,489.0,34.5,63.0,1,1,0
153,20,132.38,487.0,38.25,72.0,1,1,0
153,23,586.5,492.75,36.0,67.25,1,1,0
153,3,49.19,487.75,46.12,22.5,1,4,0
153,2,1452.0,536.5,72.0,21.0,1,1,0
154,19,392.0,504.5,34.0,63.0,1,1,0
154,20,115.69,506.75,35.06,72.25,1,1,0
154,23,556.5,504.5,36.0,70.0,1,1,0
154,3,46.56,507.5,43.12,23.0,1,4,0
154,2,1448.0,538.0,70.0,19.0,1,1,0
154,18,1281.0,544.0,72.0,27.0,1,1,0
155,19,367.0,502.0,37.0,63.0,1,1,0
155,20,99.06,504.5,35.94,72.0,1,1,0
155,23,529.5,505.25,39.0,68.25,1,1,0
155,3,43.94,505.75,43.12,21.75,1,4,0
155,2,1487.0,539.0,32.0,17.0,1,1,0
155,18,1271.0,547.0,80.0,34.0,1,1,0
156,19,338.5,490.0,36.0,62.0,1,1,0
156,20,81.12,490.75,37.62,72.25,1,1,0
156,23,498.5,494.0,42.0,67.0,1,1,0
156,3,39.12,491.5,43.44,22.0,1,4,0
156,2,1483.0,531.5,30.0,15.0,1,1,0
156,18,1278.0,556.0,76.0,27.0,1,1,0
157,19,314.75,498.5,35.5,62.0,1,1,0
157,20,61.12,499.0,40.25,71.0,1,1,0
157,23,475.25,500.5,40.75,67.0,1,1,0
157,3,34.75,503.0,35.94,20.0,1,4,0
157,18,1254.0,548.0,76.0,40.0,1,1,0
158,19,292.5,494.5,36.0,62.0,1,1,0
158,20,45.56,495.25,40.5,71.75,1,1,0
158,23,457.0,496.5,38.5,68.0,1,1,0
158,3,36.25,498.75,37.31,22.25,1,4,0
158,18,1247.0,548.5,82.0,36.0,1,1,0
158,2,1477.0,532.5,32.0,14.0,1,1,0
158,24,1169.0,546.0,40.0,32.0,1,1,0
159,19,270.25,501.0,34.5,62.0,1,1,0
159,20,33.31,500.0,38.88,75.0,1,1,0
159,23,437.5,504.25,37.5,67.25,1,1,0
159,3,29.38,504.75,43.38,22.25,1,4,0
159,18,1166.0,552.0,118.0,33.0,1,1,0
160,19,247.0,493.75,35.5,61.25,1,1,0
160,20,9.17,492.0,46.2,74.0,1,1,0
160,23,416.0,496.5,37.5,67.0,1,1,0
160,3,38.47,494.75,35.41,21.25,1,4,0
160,18,1162.0,533.0,86.0,44.0,1,1,0
160,2,1479.0,531.0,24.0,14.0,1,1,0
160,24,1256.0,563.0,62.0,23.0,1,1,0
161,19,227.25,495.5,36.5,60.0,1,1,0
161,20,6.17,492.5,36.64,73.0,1,1,0
161,23,399.0,497.5,35.0,67.0,1,1,0
161,3,34.19,495.25,38.88,22.75,1,4,0
161,18,1160.0,523.5,84.0,57.0,1,1,0
161,24,1246.0,563.0,52.0,26.0,1,1,0
162,19,206.38,503.5,37.0,61.0,1,1,0
162,20,0.0,504.5,26.47,70.0,1,1,0
162,23,377.75,504.0,36.5,68.0,1,1,0
162,3,26.55,506.0,43.64,21.0,1,4,0
162,18,1157.0,516.5,76.0,65.0,1,1,0
162,24,1240.0,562.0,104.0,26.0,1,1,0
163,19,192.25,494.75,35.0,59.25,1,1,0
163,20,-0.0,494.0,13.55,70.0,1,1,0
163,23,363.25,495.5,37.0,67.0,1,1,0
163,3,28.5,497.0,42.44,20.0,1,4,0
163,18,1157.0,510.5,66.0,63.0,1,1,0
163,24,1236.0,553.0,104.0,27.0,1,1,0
164,19,184.25,498.75,34.5,58.25,1,1,0
164,20,0.04,495.75,6.63,61.75,1,1,0
164,23,352.75,500.0,35.5,68.0,1,1,0
164,3,37.94,500.75,42.56,21.25,1,4,0
164,18,1159.0,514.0,68.0,67.0,1,1,0
164,24,1250.0,557.5,100.0,31.0,1,1,0
164,2,1480.0,536.0,32.0,15.0,1,1,0
165,19,171.88,496.5,34.75,60.0,1,1,0
165,23,340.5,498.0,37.0,66.0,1,1,0
165,3,35.38,502.0,54.0,21.0,1,4,0
165,18,1160.0,506.0,58.0,68.0,1,1,0
165,24,1254.0,550.0,104.0,29.0,1,1,0
165,2,1486.0,527.0,32.0,16.0,1,1,0
166,19,156.25,496.75,35.0,61.75,1,1,0
166,23,323.75,498.0,36.0,68.0,1,1,0
166,3,47.25,498.75,45.38,23.75,1,4,0
166,18,1163.0,506.75,42.0,72.75,1,1,0
166,24,1254.0,553.0,72.0,31.0,1,1,0
166,2,1489.0,532.5,32.0,14.0,1,1,0
167,19,144.25,498.5,34.5,61.0,1,1,0
167,23,307.25,498.5,35.5,69.0,1,1,0
167,3,53.31,500.0,45.62,23.5,1,4,0
167,18,1163.0,507.5,30.0,73.0,1,1,0
167,24,1253.0,557.0,114.0,31.0,1,1,0
167,2,1491.0,535.5,36.0,15.0,1,1,0
168,19,126.56,490.5,36.44,61.0,1,1,0
168,23,288.0,491.25,33.5,67.25,1,1,0
168,3,57.62,492.25,43.5,21.25,1,4,0
168,18,1148.0,500.0,42.0,74.0,1,1,0
168,24,1255.0,552.0,110.0,30.0,1,1,0
168,2,1497.0,530.0,32.0,14.0,1,1,0
169,19,109.31,503.0,35.19,59.0,1,1,0
169,23,258.25,502.5,44.0,66.0,1,1,0
169,3,57.0,504.0,44.75,23.0,1,4,0
169,18,1143.0,511.25,34.0,74.25,1,1,0
169,24,1231.0,557.0,58.0,34.0,1,1,0
169,2,1495.0,540.0,36.0,15.0,1,1,0
170,19,87.5,506.25,33.5,60.25,1,1,0
170,23,245.0,507.25,34.0,65.75,1,1,0
170,3,52.25,508.5,42.88,23.0,1,4,0
170,18,1126.0,515.5,32.0,73.0,1,1,0
171,19,56.06,495.75,35.62,59.75,1,1,0
171,23,214.75,495.5,32.5,67.0,1,1,0
171,3,39.75,501.0,33.0,18.5,1,4,0
171,18,1103.0,500.0,28.0,75.0,1,1,0
171,24,1220.0,545.0,78.0,37.0,1,1,0
171,2,1479.0,529.5,34.0,15.0,1,1,0
172,19,37.31,497.25,35.62,59.25,1,1,0
172,23,192.12,499.75,35.0,65.75,1,1,0
172,3,35.91,500.0,43.84,22.5,1,4,0
172,18,1084.0,511.0,38.0,74.0,1,1,0
172,24,1211.0,548.5,104.0,43.0,1,1,0
172,2,1475.0,541.0,34.0,16.0,1,1,0
173,19,17.88,500.75,33.25,57.25,1,1,0
173,23,173.62,501.5,34.75,65.0,1,1,0
173,3,36.25,501.5,42.44,21.0,1,4,0
173,18,1071.0,506.0,38.0,74.0,1,1,0
173,24,1198.0,532.0,100.0,52.0,1,1,0
174,19,0.03,495.0,31.28,58.0,1,1,0
174,23,151.0,495.5,40.5,65.0,1,1,0
174,3,30.5,499.5,45.81,22.5,1,4,0
174,18,1057.0,499.5,38.0,73.0,1,1,0
174,24,1194.0,518.0,86.0,60.0,1,1,0
175,19,0.0,498.75,15.2,54.75,1,1,0
175,23,136.25,500.25,36.5,64.25,1,1,0
175,3,19.91,504.5,55.59,20.0,1,4,0
175,18,1042.0,512.0,36.0,73.0,1,1,0
175,24,1191.0,526.0,76.0,65.0,1,1,0
175,2,1468.0,543.0,34.0,14.0,1,1,0
176,23,122.62,502.0,36.75,65.0,1,1,0
176,3,27.39,504.0,45.98,22.0,1,4,0
176,18,1023.0,504.75,38.0,74.75,1,1,0
176,24,1186.0,510.75,52.0,72.25,1,1,0
176,2,1465.0,534.0,36.0,16.0,1,1,0
177,23,113.88,498.5,37.75,65.0,1,1,0
177,3,31.8,500.5,46.64,22.0,1,4,0
177,18,1014.5,504.0,35.5,73.0,1,1,0
177,24,1185.0,509.0,52.0,72.0,1,1,0
178,23,100.81,498.5,41.19,64.0,1,1,0
178,3,40.22,500.0,44.78,23.0,1,4,0
178,18,1007.0,507.5,36.0,74.0,1,1,0
178,24,1184.0,510.5,48.0,76.0,1,1,0
179,23,103.44,496.0,37.31,65.0,1,1,0
179,3,53.38,495.75,44.75,23.75,1,4,0
179,18,1008.0,501.0,34.0,74.0,1,1,0
179,24,1195.0,503.0,36.0,76.0,1,1,0
180,23,100.44,505.25,35.81,62.75,1,1,0
180,3,60.81,504.75,44.38,24.25,1,4,0
180,18,999.0,507.5,38.0,74.0,1,1,0
180,24,1192.0,510.5,40.0,74.0,1,1,0
180,25,1201.0,531.5,92.0,51.0,1,1,0
180,2,1456.0,543.0,78.0,17.0,1,1,0
181,23,94.12,502.5,33.88,62.0,1,1,0
181,3,66.5,503.75,40.12,22.75,1,4,0
181,18,989.5,507.25,39.5,73.75,1,1,0
181,24,1191.0,508.75,42.0,76.75,1,1,0
181,25,1207.0,521.5,80.0,60.0,1,1,0
181,2,1510.0,537.0,30.0,14.0,1,1,0
182,23,85.62,492.75,34.5,63.25,1,1,0
182,3,72.25,496.75,30.0,21.25,1,4,0
182,18,968.0,499.0,50.0,72.0,1,1,0
182,24,1188.0,502.5,40.0,75.0,1,1,0
182,25,1223.0,503.0,38.0,62.0,1,1,0
182,2,1512.0,530.0,34.0,15.0,1,1,0
183,23,73.12,501.0,35.25,64.0,1,1,0
183,3,71.06,503.75,43.75,23.25,1,4,0
183,18,953.5,508.5,48.0,72.0,1,1,0
183,24,1183.0,510.0,38.0,76.0,1,1,0
183,25,1212.0,510.75,32.0,61.75,1,1,0
183,2,1509.0,537.5,36.0,14.0,1,1,0
184,23,68.62,497.5,34.12,64.0,1,1,0
184,3,61.5,501.5,60.0,24.0,1,4,0
184,18,948.5,512.0,42.0,69.0,1,1,0
184,24,1178.0,513.5,40.0,77.0,1,1,0
184,25,1212.0,515.0,30.0,62.0,1,1,0
185,23,58.75,500.75,34.62,62.25,1,1,0
185,3,88.38,501.0,40.25,24.0,1,4,0
185,18,928.5,503.0,47.0,70.0,1,1,0
185,24,1173.0,504.0,42.0,76.0,1,1,0
185,25,1210.0,503.25,30.0,62.25,1,1,0
185,26,1264.0,550.0,62.0,22.0,1,1,0
185,2,1521.0,530.5,34.0,14.0,1,1,0
186,23,39.81,496.25,43.0,63.75,1,1,0
186,3,82.69,499.75,45.44,23.75,1,4,0
186,18,919.5,504.0,39.0,70.0,1,1,0
186,24,1155.0,506.75,46.0,76.25,1,1,0
186,25,1191.0,505.0,32.0,63.0,1,1,0
186,26,1260.0,554.0,64.0,21.0,1,1,0
186,2,1521.0,533.0,34.0,14.0,1,1,0
187,23,24.34,490.25,40.91,61.75,1,1,0
187,3,78.88,496.25,47.12,20.75,1,4,0
187,18,901.0,503.25,39.0,70.25,1,1,0
187,24,1147.0,508.5,36.0,76.0,1,1,0
187,25,1179.0,506.0,26.0,69.0,1,1,0
187,26,1258.0,562.5,140.0,17.0,1,1,0
187,2,1520.0,538.0,36.0,14.0,1,1,0
188,23,10.69,503.25,40.0,62.75,1,1,0
188,3,76.88,504.0,44.25,23.0,1,4,0
188,18,873.0,505.5,46.0,71.0,1,1,0
188,24,1127.0,507.75,38.0,78.75,1,1,0
188,25,1164.0,506.25,32.0,64.25,1,1,0
188,2,1516.0,534.0,34.0,14.0,1,1,0
189,23,0.14,499.75,35.17,61.25,1,1,0
189,3,72.25,499.5,45.5,23.5,1,4,0
189,18,859.0,503.5,39.0,71.0,1,1,0
189,24,1106.0,504.75,38.0,78.75,1,1,0
189,25,1144.0,504.75,40.0,64.25,1,1,0
189,2,1512.0,533.0,34.0,14.0,1,1,0
190,23,0.0,497.25,18.14,59.25,1,1,0
190,3,69.5,500.5,45.62,22.0,1,4,0
190,18,840.0,507.25,39.0,70.25,1,1,0
190,24,1092.0,511.0,34.0,76.0,1,1,0
190,25,1127.0,510.5,34.0,63.0,1,1,0
190,2,1508.0,540.0,36.0,15.0,1,1,0
191,3,56.34,501.5,55.28,19.5,1,4,0
191,18,815.0,501.25,40.0,70.75,1,1,0
191,24,1068.0,503.5,38.0,76.0,1,1,0
191,25,1108.0,505.0,34.0,62.0,1,1,0
191,2,1500.0,533.5,36.0,14.0,1,1,0
192,3,53.16,497.75,49.84,22.75,1,4,0
192,18,785.0,500.5,48.0,69.0,1,1,0
192,24,1052.0,506.0,32.0,77.0,1,1,0
192,25,1090.0,507.5,36.0,64.0,1,1,0
192,2,1496.0,534.5,32.0,14.0,1,1,0
192,26,1394.0,546.5,56.0,23.0,1,1,0
193,3,38.16,501.75,56.09,21.75,1,4,0
193,18,767.0,501.5,42.0,69.0,1,1,0
193,24,1031.0,502.25,36.0,76.25,1,1,0
193,25,1066.0,504.5,32.0,61.0,1,1,0
193,2,1486.0,533.0,34.0,13.0,1,1,0
193,26,1388.0,545.5,52.0,22.0,1,1,0
194,3,30.62,507.75,61.75,17.25,1,4,0
194,18,739.5,505.25,49.0,68.25,1,1,0
194,24,1014.0,505.25,36.0,79.75,1,1,0
194,25,1046.0,508.75,32.0,60.75,1,1,0
194,2,1483.0,537.5,30.0,14.0,1,1,0
194,26,1382.0,547.0,52.0,25.0,1,1,0
195,3,24.88,507.0,62.88,19.0,1,4,0
195,18,727.5,506.5,40.0,68.0,1,1,0
195,24,996.0,507.5,38.0,78.0,1,1,0
195,25,1029.0,508.75,32.0,58.25,1,1,0
195,2,1477.0,539.0,36.0,15.0,1,1,0
195,26,1380.0,560.0,50.0,14.0,1,1,0
196,3,24.36,506.75,57.64,18.75,1,4,0
196,18,696.5,502.0,47.0,70.0,1,1,0
196,24,984.0,504.0,26.0,78.0,1,1,0
196,25,1002.5,505.0,32.5,73.0,1,1,0
196,2,1470.0,534.0,34.0,13.0,1,1,0
196,26,1374.0,554.0,48.0,13.0,1,1,0
197,3,19.45,505.0,54.48,20.0,1,4,0
197,18,681.0,504.25,41.0,68.75,1,1,0
197,25,972.5,507.5,40.0,77.0,1,1,0
197,2,1466.0,537.5,34.0,13.0,1,1,0
197,26,1368.0,547.5,52.0,24.0,1,1,0
198,3,19.27,505.75,51.98,18.25,1,4,0
198,18,661.5,503.75,38.0,68.75,1,1,0
198,25,955.5,505.75,44.0,77.25,1,1,0
198,2,1462.0,538.5,32.0,13.0,1,1,0
198,26,1365.0,552.0,52.0,19.0,1,1,0
199,3,24.17,498.0,46.77,21.0,1,4,0
199,18,638.5,499.25,46.0,68.75,1,1,0
199,25,941.5,501.5,46.0,78.0,1,1,0
199,2,1463.0,535.0,32.0,13.0,1,1,0
199,26,1368.0,546.0,50.0,21.0,1,1,0
200,3,28.58,511.25,48.55,19.75,1,4,0
200,18,626.0,508.75,47.0,68.25,1,1,0
200,25,935.0,511.0,45.0,76.0,1,1,0
200,2,1470.0,544.5,30.0,12.0,1,1,0
200,26,1375.0,554.0,50.0,22.0,1,1,0
200,24,929.0,526.5,16.0,45.0,1,1,0
201,3,25.61,514.5,58.02,19.0,1,4,0
201,18,608.5,511.0,51.0,67.0,1,1,0
201,25,927.0,512.5,45.0,76.0,1,1,0
201,2,1474.0,544.5,30.0,12.0,1,1,0
201,26,1379.0,556.0,46.0,21.0,1,1,0
201,27,1508.0,486.75,18.0,53.25,1,1,0
201,24,912.0,522.5,26.0,51.0,1,1,0
202,3,29.97,509.5,59.41,18.0,1,4,0
202,18,593.5,506.25,49.0,67.75,1,1,0
202,25,916.5,511.0,45.0,75.0,1,1,0
202,2,1482.0,542.0,32.0,14.0,1,1,0
202,26,1385.0,553.0,50.0,23.0,1,1,0
202,24,889.5,514.0,39.0,55.0,1,1,0
203,3,43.72,513.0,46.53,23.0,1,4,0
203,18,582.0,513.5,44.0,68.0,1,1,0
203,25,913.5,516.0,37.0,76.0,1,1,0
203,2,1484.0,546.0,32.0,13.0,1,1,0
203,26,1386.0,555.5,42.0,24.0,1,1,0
203,24,883.5,519.0,32.0,57.0,1,1,0
204,3,46.91,507.0,46.22,22.0,1,4,0
204,18,570.0,506.25,37.0,67.75,1,1,0
204,25,911.5,507.0,29.0,77.0,1,1,0
204,26,1386.0,549.0,54.0,21.0,1,1,0
204,24,864.5,508.5,31.0,58.0,1,1,0
204,27,1517.0,479.0,20.0,53.0,1,1,0
205,3,33.25,509.75,61.19,18.25,1,4,0
205,18,550.0,504.0,40.0,67.0,1,1,0
205,25,905.5,504.5,29.0,77.0,1,1,0
205,26,1380.0,547.5,60.0,22.0,1,1,0
205,24,843.5,506.25,31.0,57.25,1,1,0
205,28,1174.0,510.0,80.0,64.0,1,1,0
205,27,1524.0,476.25,16.0,60.75,1,1,0
205,2,1485.0,533.5,34.0,14.0,1,1,0
206,3,31.22,511.5,63.91,17.0,1,4,0
206,18,533.0,505.75,39.0,67.75,1,1,0
206,25,893.5,508.0,37.0,77.0,1,1,0
206,26,1381.0,551.5,60.0,23.0,1,1,0
206,24,823.5,510.0,33.0,57.0,1,1,0
206,28,1172.0,514.0,62.0,64.0,1,1,0
206,27,1527.0,483.0,18.0,63.0,1,1,0
206,2,1488.0,540.0,32.0,13.0,1,1,0
207,3,46.75,512.5,47.5,20.0,1,4,0
207,18,511.75,510.5,39.25,66.0,1,1,0
207,25,887.0,511.75,42.0,76.75,1,1,0
207,26,1381.0,555.0,58.0,22.0,1,1,0
207,24,798.5,512.5,31.0,58.0,1,1,0
207,28,1168.0,513.5,50.0,68.0,1,1,0
207,27,1516.0,486.0,26.0,60.0,1,1,0
207,2,1487.0,540.5,34.0,15.0,1,1,0
208,3,46.44,497.75,47.62,20.75,1,4,0
208,18,487.0,497.0,45.5,66.0,1,1,0
208,25,884.0,499.75,37.0,75.75,1,1,0
208,26,1381.0,545.0,48.0,22.0,1,1,0
208,24,776.5,500.25,32.0,57.25,1,1,0
208,28,1162.0,504.25,46.0,68.75,1,1,0
208,2,1483.0,534.0,32.0,13.0,1,1,0
209,3,41.44,500.0,54.38,18.5,1,4,0
209,18,476.0,498.0,39.0,67.0,1,1,0
209,25,876.5,501.75,41.0,78.75,1,1,0
209,26,1382.0,550.5,48.0,23.0,1,1,0
209,24,755.0,503.5,31.0,57.0,1,1,0
209,28,1155.0,508.25,44.0,71.75,1,1,0
210,3,46.19,499.5,48.5,20.0,1,4,0
210,18,460.0,499.75,37.0,64.25,1,1,0
210,25,867.5,499.25,41.0,76.75,1,1,0
210,26,1380.0,546.5,48.0,21.0,1,1,0
210,24,733.5,501.5,31.0,57.0,1,1,0
210,28,1149.0,503.0,40.0,67.0,1,1,0
211,3,41.56,505.25,55.62,18.75,1,4,0
211,18,443.25,500.5,37.5,65.0,1,1,0
211,25,858.5,500.0,44.0,76.0,1,1,0
211,26,1381.0,547.0,48.0,20.0,1,1,0
211,24,713.5,503.0,32.0,55.0,1,1,0
211,28,1144.0,502.5,44.0,71.0,1,1,0
211,2,1492.0,531.0,30.0,12.0,1,1,0
212,3,51.25,497.25,47.75,19.25,1,4,0
212,18,429.0,497.25,39.0,63.75,1,1,0
212,25,847.5,498.75,52.0,76.25,1,1,0
212,26,1385.0,548.0,48.0,21.0,1,1,0
212,24,691.0,500.5,41.0,58.0,1,1,0
212,28,1143.0,502.75,44.0,67.75,1,1,0
213,3,59.5,500.0,45.62,21.0,1,4,0
213,18,416.25,499.75,38.5,64.25,1,1,0
213,25,848.5,501.5,43.0,76.0,1,1,0
213,26,1392.0,551.5,48.0,19.0,1,1,0
213,24,687.5,503.75,33.0,56.25,1,1,0
213,28,1143.0,503.25,44.0,69.25,1,1,0
214,3,62.16,504.75,46.59,20.25,1,4,0
214,18,401.0,503.75,38.5,63.25,1,1,0
214,25,829.5,503.25,42.0,77.75,1,1,0
214,26,1396.0,549.0,46.0,22.0,1,1,0
214,24,669.5,506.25,31.0,55.25,1,1,0
214,28,1136.0,505.5,46.0,65.0,1,1,0
215,3,58.66,492.25,45.34,19.75,1,4,0
215,18,382.25,493.75,37.5,61.25,1,1,0
215,25,802.5,495.75,42.0,75.25,1,1,0
215,26,1393.0,545.0,48.0,22.0,1,1,0
215,24,647.5,497.0,31.0,54.0,1,1,0
215,28,1125.0,501.75,50.0,64.25,1,1,0
216,3,58.72,504.25,46.03,21.25,1,4,0
216,18,366.25,502.5,36.5,65.0,1,1,0
216,25,778.0,502.5,42.0,76.0,1,1,0
216,26,1394.0,546.5,44.0,20.0,1,1,0
216,24,627.0,504.0,33.0,54.0,1,1,0
216,28,1116.0,504.0,46.0,63.0,1,1,0
217,3,53.66,505.25,48.22,20.75,1,4,0
217,18,344.25,503.5,36.0,64.0,1,1,0
217,25,748.5,505.75,41.0,75.25,1,1,0
217,26,1389.0,553.5,46.0,17.0,1,1,0
217,24,594.0,504.25,39.0,56.25,1,1,0
217,28,1098.0,508.75,46.0,67.75,1,1,0
218,3,52.81,500.25,48.62,20.75,1,4,0
218,18,326.5,500.25,35.0,64.75,1,1,0
218,25,722.5,503.0,40.0,77.0,1,1,0
218,26,1390.0,558.0,44.0,16.0,1,1,0
218,24,585.0,503.25,30.0,56.75,1,1,0
218,28,1086.0,512.0,44.0,62.0,1,1,0
219,3,59.5,505.75,45.5,20.75,1,4,0
219,18,313.75,504.0,35.0,63.0,1,1,0
219,25,696.5,502.0,41.0,77.0,1,1,0
219,26,1396.0,556.0,44.0,13.0,1,1,0
219,24,570.0,505.0,34.0,56.0,1,1,0
219,28,1078.0,508.5,40.0,68.0,1,1,0
219,2,1504.0,532.0,34.0,13.0,1,1,0
220,3,68.88,501.5,48.5,20.0,1,4,0
220,18,306.0,501.0,34.5,62.0,1,1,0
220,25,676.0,500.5,46.0,75.0,1,1,0
220,26,1408.0,548.0,44.0,24.0,1,1,0
220,24,566.5,503.75,31.0,56.25,1,1,0
220,28,1075.0,509.25,38.0,61.25,1,1,0
221,3,81.25,503.75,45.75,19.25,1,4,0
221,18,294.75,501.5,34.0,62.0,1,1,0
221,25,657.0,500.5,50.0,73.0,1,1,0
221,26,1417.0,555.0,44.0,15.0,1,1,0
221,24,558.0,503.75,32.0,54.75,1,1,0
221,28,1073.0,507.0,32.0,63.0,1,1,0
222,3,81.5,506.5,47.88,20.0,1,4,0
222,18,277.75,503.75,34.0,60.25,1,1,0
222,25,633.5,504.0,51.0,72.0,1,1,0
222,26,1418.0,545.5,46.0,25.0,1,1,0
222,24,545.0,508.5,35.0,51.0,1,1,0
222,28,1058.0,505.25,30.0,69.75,1,1,0
223,3,85.25,500.75,46.12,20.25,1,4,0
223,18,259.5,500.75,36.0,60.75,1,1,0
223,25,609.0,502.25,52.0,72.25,1,1,0
223,26,1421.0,551.0,48.0,22.0,1,1,0
223,24,530.5,505.75,34.0,50.25,1,1,0
223,28,1051.0,510.75,26.0,64.75,1,1,0
224,3,87.12,505.5,46.0,22.0,1,4,0
224,18,241.12,506.75,36.88,60.25,1,1,0
224,25,586.5,505.0,51.0,72.0,1,1,0
224,26,1422.0,556.5,46.0,14.0,1,1,0
224,24,516.5,510.25,32.0,50.25,1,1,0
224,28,1050.0,508.75,24.0,69.75,1,1,0
225,3,86.12,505.25,46.25,21.75,1,4,0
225,18,221.12,504.5,34.75,60.0,1,1,0
225,25,569.5,504.5,42.0,73.0,1,1,0
225,26,1418.0,555.5,50.0,14.0,1,1,0
225,24,497.5,508.0,32.0,52.0,1,1,0
225,28,1044.0,505.75,28.0,66.25,1,1,0
226,3,89.62,500.0,45.25,22.5,1,4,0
226,18,205.12,500.0,35.25,60.0,1,1,0
226,25,548.5,502.5,40.0,71.0,1,1,0
226,24,485.5,507.0,30.0,52.0,1,1,0
226,28,1041.0,504.0,30.0,69.0,1,1,0
227,3,98.75,500.25,43.62,22.75,1,4,0
227,18,191.75,499.25,35.25,60.75,1,1,0
227,25,529.5,501.25,40.0,71.25,1,1,0
227,24,476.5,505.75,29.0,51.75,1,1,0
227,28,1039.0,499.5,32.0,69.0,1,1,0
227,26,1409.0,559.0,52.0,14.0,1,1,0
228,3,99.88,504.25,44.75,22.75,1,4,0
228,18,171.88,505.25,35.5,59.75,1,1,0
228,25,503.0,505.5,40.0,71.0,1,1,0
228,24,458.25,510.5,28.5,52.0,1,1,0
228,28,1036.0,504.0,28.0,71.0,1,1,0
229,3,93.12,501.0,48.25,22.0,1,4,0
229,18,145.38,506.75,35.25,53.25,1,1,0
229,25,471.25,501.5,42.25,70.0,1,1,0
229,24,430.25,501.75,27.5,56.75,1,1,0
229,28,1029.0,502.0,26.0,66.0,1,1,0
230,3,83.62,501.75,44.0,21.75,1,4,0
230,18,114.5,503.5,37.25,58.0,1,1,0
230,25,436.75,501.25,39.5,69.25,1,1,0
230,24,399.5,501.5,30.0,55.0,1,1,0
230,28,1016.0,500.0,28.0,68.0,1,1,0
231,3,79.62,503.5,34.12,21.0,1,4,0
231,18,91.12,501.75,36.75,61.25,1,1,0
231,25,407.0,504.0,39.5,68.0,1,1,0
231,24,377.0,504.5,29.5,54.0,1,1,0
231,28,1009.0,503.25,28.0,68.75,1,1,0
232,3,69.62,498.5,50.5,23.0,1,4,0
232,18,70.38,498.5,35.12,60.0,1,1,0
232,25,379.5,499.75,39.5,68.25,1,1,0
232,24,351.75,499.75,30.5,55.75,1,1,0
232,28,1008.5,498.0,23.5,69.0,1,1,0
233,3,75.75,497.75,39.0,22.75,1,4,0
233,18,46.88,498.0,34.88,62.0,1,1,0
233,25,352.0,500.0,37.5,69.0,1,1,0
233,24,326.5,499.25,29.5,55.75,1,1,0
233,28,1003.5,499.5,24.5,68.0,1,1,0
233,26,1340.0,550.0,76.0,22.0,1,1,0
234,3,64.75,503.5,44.12,21.0,1,4,0
234,18,22.19,501.0,34.94,60.0,1,1,0
234,25,321.5,502.0,38.0,69.0,1,1,0
234,24,297.75,502.5,29.0,55.0,1,1,0
234,28,996.0,498.75,26.0,68.25,1,1,0
235,3,60.0,496.75,44.25,19.25,1,4,0
235,18,0.98,496.25,35.27,56.75,1,1,0
235,25,294.5,496.0,36.5,68.0,1,1,0
235,24,270.75,495.75,29.5,55.25,1,1,0
235,28,989.0,495.75,27.0,68.25,1,1,0
235,26,1324.0,556.0,72.0,17.0,1,1,0
236,3,53.19,499.5,43.88,21.0,1,4,0
236,18,0.0,499.5,12.23,56.0,1,1,0
236,25,262.5,500.75,39.0,68.25,1,1,0
236,24,239.0,501.25,30.5,54.25,1,1,0
236,28,975.5,500.5,27.0,67.0,1,1,0
236,26,1294.0,558.5,92.0,20.0,1,1,0
237,3,35.56,503.25,46.38,21.75,1,4,0
237,25,227.25,501.0,35.75,69.0,1,1,0
237,24,201.25,502.75,31.5,55.25,1,1,0
237,28,960.0,499.25,23.0,66.25,1,1,0
237,26,1271.0,556.5,88.0,23.0,1,1,0
238,3,21.86,501.0,45.89,21.0,1,4,0
238,25,190.62,500.75,38.5,67.25,1,1,0
238,24,166.75,502.25,30.0,53.75,1,1,0
238,28,942.0,499.25,26.0,66.75,1,1,0
238,26,1248.0,557.5,90.0,22.0,1,1,0
239,3,11.36,496.0,44.52,20.5,1,4,0
239,25,155.0,495.75,38.5,67.25,1,1,0
239,24,135.25,495.75,29.5,53.75,1,1,0
239,28,929.5,494.0,22.0,66.0,1,1,0
239,26,1231.0,551.0,68.0,20.0,1,1,0
240,3,0.36,501.75,52.2,22.25,1,4,0
240,25,131.5,500.25,37.5,67.75,1,1,0
240,24,113.38,502.5,32.75,53.0,1,1,0
240,28,924.5,500.25,26.0,66.75,1,1,0
241,3,9.28,503.0,46.62,23.0,1,4,0
241,25,114.31,502.75,37.69,66.75,1,1,0
241,24,98.56,501.5,30.06,57.0,1,1,0
241,28,921.0,504.75,31.0,66.25,1,1,0
241,29,1218.0,537.5,122.0,47.0,1,1,0
242,3,13.48,497.0,44.14,22.5,1,4,0
242,25,96.38,495.0,34.88,68.0,1,1,0
242,24,79.75,498.5,24.75,55.0,1,1,0
242,28,915.5,497.0,29.0,66.0,1,1,0
242,29,1218.0,557.5,94.0,20.0,1,1,0
243,3,18.69,499.0,44.25,23.5,1,4,0
243,25,79.31,497.75,36.88,66.25,1,1,0
243,24,65.62,499.0,27.38,56.0,1,1,0
243,28,912.5,494.75,31.0,67.75,1,1,0
243,26,1225.0,549.5,116.0,25.0,1,1,0
244,3,32.03,515.5,32.97,17.0,1,4,0
244,25,59.56,511.0,25.62,54.0,1,1,0
244,24,74.94,510.5,37.25,68.0,1,1,0
244,28,923.5,507.75,30.0,65.75,1,1,0
244,26,1240.0,562.0,102.0,23.0,1,1,0
245,3,44.19,507.5,20.12,16.0,1,4,0
245,25,52.94,499.5,27.75,60.0,1,1,0
245,24,68.5,501.75,36.38,67.75,1,1,0
245,28,938.5,502.0,24.0,66.0,1,1,0
245,26,1250.0,558.0,110.0,24.0,1,1,0
246,25,48.66,501.0,25.59,60.0,1,1,0
246,24,61.41,500.25,37.97,67.75,1,1,0
246,28,950.0,501.5,26.0,66.0,1,1,0
246,26,1268.0,557.0,108.0,26.0,1,1,0
247,25,43.0,502.0,29.62,57.0,1,1,0
247,24,54.38,503.0,40.0,67.0,1,1,0
247,28,961.5,501.25,26.0,65.75,1,1,0
247,26,1278.0,552.5,112.0,27.0,1,1,0
247,3,85.38,503.0,29.88,24.0,1,4,0
248,25,37.88,496.75,28.75,59.25,1,1,0
248,24,49.44,498.75,37.38,66.25,1,1,0
248,28,970.0,495.0,26.0,67.0,1,1,0
248,26,1282.0,544.5,120.0,30.0,1,1,0
248,3,82.94,499.75,45.0,24.25,1,4,0
249,25,31.0,503.25,26.94,55.75,1,1,0
249,24,38.81,502.75,38.69,65.25,1,1,0
249,28,979.5,503.75,25.0,64.25,1,1,0
249,26,1287.0,547.0,82.0,37.0,1,1,0
250,25,20.91,494.25,22.69,56.75,1,1,0
250,24,24.73,493.0,41.89,67.0,1,1,0
250,28,988.0,499.0,26.0,66.0,1,1,0
250,26,1294.0,527.5,86.0,53.0,1,1,0
250,3,104.06,495.75,45.69,23.25,1,4,0
251,24,11.69,503.25,42.38,65.25,1,1,0
251,28,994.0,501.5,25.0,65.0,1,1,0
251,26,1292.0,522.5,80.0,59.0,1,1,0
251,3,108.5,505.0,49.0,25.0,1,4,0
252,24,0.0,499.75,34.12,65.25,1,1,0
252,28,992.0,501.25,26.0,64.75,1,1,0
252,26,1285.0,530.5,88.0,50.0,1,1,0
252,3,111.62,499.25,48.0,24.25,1,4,0
252,25,0.0,499.5,16.94,34.0,1,1,0
253,24,0.06,492.0,11.14,58.0,1,1,0
253,28,990.5,495.5,25.0,66.0,1,1,0
253,26,1276.0,516.5,90.0,58.0,1,1,0
253,3,112.0,497.5,47.0,22.0,1,4,0
253,25,0.0,491.25,16.56,57.75,1,1,0
254,28,983.0,498.0,25.0,65.0,1,1,0
254,26,1262.0,512.0,74.0,64.0,1,1,0
254,3,102.25,505.0,51.0,20.0,1,4,0
255,28,976.5,498.5,25.0,65.0,1,1,0
255,26,1250.0,504.5,58.0,74.0,1,1,0
255,3,87.25,499.75,62.88,20.25,1,4,0
255,30,0.0,494.25,27.66,24.25,1,4,0
256,28,963.0,501.75,27.0,63.25,1,1,0
256,26,1233.0,502.75,54.0,76.25,1,1,0
256,3,93.62,505.25,46.25,23.75,1,4,0
256,30,0.0,503.5,17.53,26.0,1,4,0
257,28,941.5,500.75,28.0,62.25,1,1,0
257,26,1200.0,499.5,58.0,78.0,1,1,0
257,3,71.75,504.25,51.88,21.25,1,4,0
258,28,923.5,502.5,27.0,63.0,1,1,0
258,26,1180.0,504.5,44.0,75.0,1,1,0
258,3,57.69,497.75,47.88,24.75,1,4,0
259,28,906.5,500.0,25.0,64.0,1,1,0
259,26,1155.0,499.25,40.0,74.25,1,1,0
259,3,42.56,502.75,46.75,24.25,1,4,0
260,28,889.0,499.75,25.0,63.75,1,1,0
260,26,1127.0,502.5,46.0,74.0,1,1,0
260,3,24.52,502.0,50.36,23.0,1,4,0
261,28,877.0,501.25,24.0,60.25,1,1,0
261,26,1096.0,504.75,52.0,73.25,1,1,0
261,3,14.86,500.0,47.2,23.5,1,4,0
262,28,867.5,492.25,26.0,60.75,1,1,0
262,26,1072.0,502.75,60.0,66.25,1,1,0
262,3,7.36,492.5,45.64,22.5,1,4,0
263,28,857.5,503.0,28.0,62.0,1,1,0
263,26,1053.0,511.5,58.0,69.0,1,1,0
263,3,1.77,504.75,46.98,23.25,1,4,0
264,28,853.5,502.25,26.0,61.75,1,1,0
264,26,1035.0,509.5,58.0,67.0,1,1,0
264,3,2.3,500.75,45.14,22.25,1,4,0
265,28,858.0,500.75,25.0,62.25,1,1,0
265,26,1031.0,511.5,58.0,65.0,1,1,0
265,3,7.66,499.0,49.5,24.0,1,4,0
266,28,861.5,499.0,23.0,61.0,1,1,0
266,26,1015.0,510.25,62.0,62.75,1,1,0
266,3,12.05,501.25,49.27,22.25,1,4,0
267,28,862.5,498.5,25.0,60.0,1,1,0
267,26,1000.0,510.5,66.0,63.0,1,1,0
267,3,7.19,503.75,59.44,21.25,1,4,0
268,28,863.5,500.75,25.0,62.75,1,1,0
268,26,988.0,511.5,62.0,66.0,1,1,0
268,3,12.34,508.5,60.78,17.0,1,4,0
269,28,864.0,497.5,24.0,59.0,1,1,0
269,26,975.5,503.0,53.5,69.0,1,1,0
269,3,29.28,503.5,48.59,22.0,1,4,0
270,28,861.5,500.5,25.0,61.0,1,1,0
270,26,953.5,502.25,47.0,71.25,1,1,0
270,3,24.81,506.0,57.38,22.0,1,4,0
271,28,866.0,508.75,22.0,57.75,1,1,0
271,26,944.5,507.75,42.0,71.75,1,1,0
271,3,41.88,508.0,47.38,23.0,1,4,0
272,28,866.5,493.0,22.0,56.0,1,1,0
272,26,935.0,499.75,46.0,66.75,1,1,0
272,3,44.75,498.5,48.75,22.0,1,4,0
273,28,857.5,501.5,25.0,58.0,1,1,0
273,26,905.5,513.0,67.0,62.0,1,1,0
273,3,45.81,503.75,45.0,23.25,1,4,0
274,28,853.0,498.5,24.0,59.0,1,1,0
274,26,882.5,501.5,53.0,69.0,1,1,0
274,3,45.62,500.75,48.38,22.25,1,4,0
275,28,848.5,498.75,23.0,56.75,1,1,0
275,26,875.0,498.0,39.0,70.0,1,1,0
275,3,35.62,505.5,55.75,21.0,1,4,0
276,28,839.0,495.5,19.0,52.0,1,1,0
276,26,845.0,495.5,47.0,70.0,1,1,0
276,3,40.25,498.5,47.25,22.5,1,4,0
277,26,823.0,494.5,47.0,72.0,1,1,0
277,3,44.0,496.5,48.38,22.0,1,4,0
278,26,812.0,496.75,38.0,71.25,1,1,0
278,3,53.12,502.75,46.12,24.25,1,4,0
278,28,838.5,500.5,20.0,54.0,1,1,0
279,26,792.0,499.75,39.0,70.75,1,1,0
279,3,48.06,506.75,51.88,22.75,1,4,0
279,28,832.0,503.25,22.0,54.75,1,1,0
280,26,771.5,486.75,38.0,70.25,1,1,0
280,3,51.0,487.75,44.88,24.0,1,4,0
280,28,824.0,489.25,22.0,59.25,1,1,0
280,31,1329.0,537.0,64.0,25.0,1,1,0
281,26,755.0,505.0,36.0,69.0,1,1,0
281,3,46.31,506.5,45.62,24.0,1,4,0
281,28,814.5,506.75,25.0,58.25,1,1,0
281,31,1329.0,555.5,62.0,22.0,1,1,0
282,26,748.5,498.5,27.0,69.0,1,1,0
282,3,46.66,503.75,49.47,22.75,1,4,0
282,28,808.5,500.25,23.0,53.75,1,1,0
282,31,1327.0,545.0,64.0,23.0,1,1,0
283,26,742.0,490.5,33.0,69.0,1,1,0
283,3,58.78,492.25,45.34,23.25,1,4,0
283,28,815.5,493.75,20.0,53.75,1,1,0
283,31,1337.0,542.5,62.0,23.0,1,1,0
284,26,739.5,500.25,30.0,68.75,1,1,0
284,3,65.81,502.75,51.88,24.25,1,4,0
284,28,821.0,502.5,21.0,56.0,1,1,0
284,31,1352.0,550.5,62.0,24.0,1,1,0
285,26,740.0,498.75,27.0,69.75,1,1,0
285,3,73.25,504.5,48.25,22.0,1,4,0
285,28,822.0,501.25,22.0,55.25,1,1,0
285,31,1351.0,547.5,68.0,25.0,1,1,0
286,26,732.5,490.25,30.0,68.75,1,1,0
286,3,73.38,495.25,44.88,21.75,1,4,0
286,28,814.5,494.0,23.0,56.0,1,1,0
286,31,1353.0,541.5,62.0,23.0,1,1,0
287,26,727.5,496.0,37.0,69.0,1,1,0
287,3,75.25,500.75,47.0,21.75,1,4,0
287,28,814.5,500.5,22.0,56.0,1,1,0
287,31,1356.0,550.5,64.0,24.0,1,1,0
288,26,714.0,502.25,46.0,68.25,1,1,0
288,3,78.12,510.25,45.0,22.25,1,4,0
288,28,813.0,504.5,20.0,56.0,1,1,0
288,31,1356.0,549.0,64.0,25.0,1,1,0
289,26,706.0,503.25,52.0,64.25,1,1,0
289,3,82.31,505.25,47.31,22.75,1,4,0
289,28,814.0,502.0,21.0,56.0,1,1,0
289,31,1357.0,548.0,70.0,27.0,1,1,0
290,26,701.0,502.5,38.0,64.0,1,1,0
290,3,81.25,501.0,51.75,21.0,1,4,0
290,28,812.5,500.75,20.0,53.25,1,1,0
290,31,1360.0,551.5,68.0,25.0,1,1,0
291,26,685.5,498.5,36.0,66.0,1,1,0
291,3,84.25,499.75,50.62,23.25,1,4,0
291,28,811.5,499.0,20.0,56.0,1,1,0
291,31,1364.0,546.5,66.0,25.0,1,1,0
292,26,662.0,501.5,38.0,65.0,1,1,0
292,3,87.38,500.75,49.25,21.75,1,4,0
292,28,805.5,501.25,21.0,56.25,1,1,0
292,31,1367.0,551.5,68.0,23.0,1,1,0
292,34,1512.0,545.0,34.0,12.0,1,1,0
293,26,634.0,498.0,39.0,66.0,1,1,0
293,3,82.56,499.0,48.69,21.5,1,4,0
293,28,797.5,500.5,20.0,57.0,1,1,0
293,31,1367.0,551.0,60.0,22.0,1,1,0
293,34,1510.0,543.0,36.0,13.0,1,1,0
294,26,610.5,498.5,37.0,66.0,1,1,0
294,3,82.81,500.0,49.69,20.5,1,4,0
294,28,792.5,499.5,21.0,55.0,1,1,0
294,34,1511.0,545.5,32.0,12.0,1,1,0
295,26,577.5,509.5,47.0,63.0,1,1,0
295,3,82.62,509.0,47.62,22.0,1,4,0
295,28,789.5,508.5,19.0,54.0,1,1,0
295,34,1509.0,549.5,34.0,12.0,1,1,0
295,31,1365.0,557.0,66.0,23.0,1,1,0
296,26,559.5,498.0,40.0,67.0,1,1,0
296,3,83.38,499.5,48.25,20.5,1,4,0
296,28,788.0,502.0,18.0,52.0,1,1,0
296,34,1509.0,548.0,34.0,11.0,1,1,0
296,31,1361.0,554.0,66.0,25.0,1,1,0
297,26,536.0,500.0,36.0,66.0,1,1,0
297,3,85.88,502.5,47.87,23.0,1,4,0
297,28,786.0,501.5,19.0,55.0,1,1,0
297,34,1512.0,543.0,34.0,13.0,1,1,0
297,31,1368.0,550.0,62.0,22.0,1,1,0
298,26,510.0,505.75,36.0,65.75,1,1,0
298,3,84.62,511.5,46.62,21.0,1,4,0
298,28,780.5,506.0,20.0,50.0,1,1,0
298,34,1511.0,541.5,34.0,13.0,1,1,0
298,31,1362.0,551.0,66.0,23.0,1,1,0
299,26,482.5,501.5,37.5,65.0,1,1,0
299,3,81.38,506.0,47.25,21.0,1,4,0
299,28,774.5,503.75,21.0,52.25,1,1,0
299,34,1510.0,542.0,34.0,13.0,1,1,0
299,31,1360.0,544.5,64.0,30.0,1,1,0
300,26,455.75,497.0,39.5,64.0,1,1,0
300,3,80.38,502.0,48.12,21.0,1,4,0
300,28,769.5,501.0,22.0,54.0,1,1,0
300,34,1509.0,542.5,34.0,12.0,1,1,0
301,26,433.75,506.0,36.0,65.0,1,1,0
301,3,79.5,515.5,45.5,21.0,1,4,0
301,28,762.0,505.5,21.0,52.0,1,1,0
301,34,1506.0,536.0,34.0,12.0,1,1,0
