1,1,986.5,511.5,31.0,17.0,1,4,0
1,2,958.5,526.0,22.0,12.0,1,5,0
1,3,933.5,508.0,38.0,20.0,1,4,0
1,4,1027.0,511.5,34.0,16.0,1,4,0
2,1,962.0,499.25,53.0,23.75,1,4,0
2,2,972.5,517.5,25.0,13.0,1,5,0
2,3,1060.0,503.75,32.0,17.25,1,4,0
2,4,1018.5,504.25,28.5,16.75,1,4,0
3,1,1056.0,522.5,30.0,17.0,1,4,0
3,2,996.0,537.0,24.0,11.0,1,5,0
3,3,1093.0,524.0,38.0,17.0,1,4,0
3,4,1002.0,517.0,48.0,21.0,1,4,0
4,1,1099.0,520.5,30.0,16.0,1,4,0
4,2,1021.5,535.0,26.5,12.0,1,5,0
4,3,1140.0,522.5,30.0,17.0,1,4,0
4,4,1043.0,515.5,50.0,20.0,1,4,0
5,1,1148.0,536.0,28.0,16.0,1,4,0
5,2,1053.0,549.5,26.0,12.0,1,5,0
5,3,1188.0,536.5,32.0,16.0,1,4,0
5,4,1090.0,530.0,46.0,20.0,1,4,0
6,2,1082.0,537.0,28.0,12.0,1,5,0
6,3,1237.0,521.0,30.0,15.0,1,4,0
6,4,1137.0,516.0,46.0,18.0,1,4,0
7,2,1111.0,565.0,28.0,11.0,1,5,0
7,3,1286.0,547.5,30.0,15.0,1,4,0
7,4,1188.0,542.0,42.0,21.0,1,4,0
7,1,1244.0,546.0,32.0,17.0,1,4,0
8,2,1140.0,561.5,32.0,12.0,1,5,0
8,3,1338.0,545.0,28.0,15.0,1,4,0
8,4,1240.0,538.5,48.0,21.0,1,4,0
8,1,1299.0,544.5,28.0,14.0,1,4,0
9,2,1164.0,553.5,32.0,12.0,1,5,0
9,3,1388.0,538.0,28.0,15.0,1,4,0
9,4,1290.0,531.0,44.0,18.0,1,4,0
9,1,1347.0,536.5,28.0,15.0,1,4,0
9,5,1330.0,552.5,16.0,9.0,1,5,0
10,2,1184.0,558.0,32.0,13.0,1,5,0
10,3,1433.0,544.0,26.0,14.0,1,4,0
10,4,1332.0,536.5,40.0,17.0,1,4,0
10,1,1392.0,543.5,30.0,13.0,1,4,0
10,5,1367.0,558.0,18.0,9.0,1,5,0
11,2,1194.0,526.5,36.0,15.0,1,5,0
11,3,1473.0,514.5,28.0,14.0,1,4,0
11,1,1431.0,514.0,30.0,14.0,1,4,0
11,5,1400.0,530.0,16.0,9.0,1,5,0
12,2,1192.0,541.5,38.0,14.0,1,5,0
12,1,1459.0,527.0,30.0,14.0,1,4,0
12,5,1418.0,541.5,16.0,10.0,1,5,0
13,2,1173.0,553.0,40.0,16.0,1,5,0
13,1,1514.0,540.0,30.0,14.0,1,4,0
13,5,1427.0,554.5,16.0,10.0,1,5,0
13,4,1474.0,539.5,30.0,14.0,1,4,0
14,2,1136.0,528.5,40.0,16.0,1,5,0
14,5,1415.0,530.5,18.0,11.0,1,5,0
14,4,1474.0,516.0,30.0,15.0,1,4,0
15,2,1089.0,524.0,42.0,20.0,1,5,0
15,5,1395.0,526.5,16.0,9.0,1,5,0
15,4,1505.0,510.0,28.0,14.0,1,4,0
16,2,1033.0,537.0,44.0,23.0,1,5,0
16,5,1368.0,541.5,16.0,10.0,1,5,0
16,4,1444.0,524.0,30.0,14.0,1,4,0
16,7,1386.0,519.0,48.0,19.0,1,4,0
17,2,976.5,531.0,47.0,23.0,1,5,0
17,5,1340.0,534.0,16.0,10.0,1,5,0
17,4,1469.0,517.0,36.0,15.0,1,4,0
17,7,1363.0,511.25,54.0,19.75,1,4,0
18,2,917.0,522.5,50.0,25.0,1,5,0
18,5,1312.0,525.5,20.0,10.0,1,5,0
18,4,1452.0,508.25,34.0,15.25,1,4,0
18,7,1343.0,501.25,62.0,21.25,1,4,0
18,8,1411.0,506.75,34.0,16.25,1,4,0
19,2,861.0,569.5,55.0,26.0,1,5,0
19,5,1293.0,571.0,18.0,9.0,1,5,0
19,4,1445.0,551.5,32.0,14.0,1,4,0
19,7,1343.0,544.5,52.0,20.0,1,4,0
19,8,1403.0,550.5,32.0,15.0,1,4,0
20,2,805.5,550.5,60.0,26.0,1,5,0
20,5,1277.0,550.5,18.0,10.0,1,5,0
20,4,1442.0,531.0,32.0,15.0,1,4,0
20,7,1333.0,524.5,54.0,21.0,1,4,0
20,8,1400.0,530.5,32.0,15.0,1,4,0
21,2,750.5,552.5,65.0,28.0,1,5,0
21,5,1266.0,553.0,18.0,9.0,1,5,0
21,4,1442.0,532.0,32.0,15.0,1,4,0
21,7,1334.0,525.5,58.0,20.0,1,4,0
21,8,1400.0,530.5,32.0,16.0,1,4,0
22,2,688.0,553.0,72.0,29.0,1,5,0
22,5,1259.0,548.5,18.0,11.0,1,5,0
22,4,1447.0,528.0,36.0,16.0,1,4,0
22,7,1339.0,521.5,58.0,21.0,1,4,0
22,8,1405.0,528.5,32.0,15.0,1,4,0
23,2,623.0,549.0,78.0,32.0,1,5,0
23,5,1251.0,547.5,24.0,10.0,1,5,0
23,4,1454.0,525.0,34.0,15.0,1,4,0
23,7,1347.0,519.0,58.0,21.0,1,4,0
23,8,1411.0,524.5,34.0,15.0,1,4,0
24,2,544.0,546.0,86.0,35.0,1,5,0
24,5,1240.0,550.0,24.0,10.0,1,5,0
24,4,1459.0,530.0,34.0,14.0,1,4,0
24,7,1354.0,522.0,56.0,20.0,1,4,0
24,8,1418.0,528.5,30.0,15.0,1,4,0
25,2,459.5,528.0,92.0,37.0,1,5,0
25,5,1229.0,526.5,22.0,11.0,1,5,0
25,4,1467.0,507.0,30.0,16.0,1,4,0
25,7,1359.0,499.25,52.0,21.75,1,4,0
25,8,1425.0,506.25,30.0,15.75,1,4,0
26,2,355.75,531.5,102.0,46.0,1,5,0
26,5,1210.0,524.0,34.0,13.0,1,5,0
26,4,1469.0,501.5,30.0,15.0,1,4,0
26,7,1362.0,495.75,54.0,19.75,1,4,0
26,8,1426.0,500.5,32.0,15.5,1,4,0
27,2,228.25,556.0,115.5,52.0,1,5,0
27,5,1182.0,540.5,26.0,13.0,1,5,0
27,4,1465.0,517.0,32.0,14.0,1,4,0
27,7,1358.0,510.5,48.0,20.0,1,4,0
27,8,1422.0,516.5,30.0,15.0,1,4,0
28,2,78.75,559.0,130.5,58.0,1,5,0
28,5,1144.0,545.0,36.0,16.0,1,5,0
28,4,1455.0,523.5,26.0,15.0,1,4,0
28,7,1349.0,517.5,50.0,18.0,1,4,0
28,8,1411.0,522.5,32.0,15.0,1,4,0
29,5,1097.0,544.5,36.0,17.0,1,5,0
29,4,1438.0,524.0,30.0,15.0,1,4,0
29,7,1332.0,518.0,54.0,21.0,1,4,0
29,8,1393.0,523.0,32.0,15.0,1,4,0
30,5,1041.0,545.5,40.0,19.0,1,5,0
30,7,1308.0,518.0,56.0,20.0,1,4,0
30,8,1415.0,525.5,26.0,14.0,1,4,0
31,5,981.0,550.5,41.0,19.0,1,5,0
31,7,1285.0,513.5,48.0,20.0,1,4,0
31,8,1346.0,518.0,32.0,14.0,1,4,0
31,4,1391.0,518.0,26.0,14.0,1,4,0
32,5,908.5,545.5,43.0,22.0,1,5,0
32,7,1252.0,511.25,58.0,20.25,1,4,0
32,8,1356.0,517.5,30.0,14.0,1,4,0
32,4,1313.0,515.0,34.0,16.0,1,4,0
33,5,826.5,542.0,44.0,21.0,1,5,0
33,7,1213.0,508.0,58.0,24.0,1,4,0
33,8,1274.0,513.5,34.0,16.0,1,4,0
33,4,1316.0,515.0,34.0,15.0,1,4,0
34,5,736.0,542.0,40.0,21.0,1,5,0
34,7,1228.0,513.0,32.0,15.0,1,4,0
34,8,1270.0,514.5,30.0,15.0,1,4,0
34,4,1167.0,508.0,48.0,24.0,1,4,0
35,5,640.0,549.0,43.0,24.0,1,5,0
35,7,1216.0,521.0,32.0,16.0,1,4,0
35,8,1173.0,520.0,32.0,16.0,1,4,0
35,4,1115.0,515.5,50.0,21.0,1,4,0
36,5,537.0,552.0,45.0,25.0,1,5,0
36,7,1117.0,516.5,34.0,17.0,1,4,0
36,8,1159.0,518.0,38.0,16.0,1,4,0
36,4,1058.0,513.0,54.0,23.0,1,4,0
37,5,432.0,553.5,44.5,27.0,1,5,0
37,7,1102.0,517.0,38.0,16.0,1,4,0
37,8,1061.0,516.5,32.0,16.0,1,4,0
37,4,1002.5,512.0,53.5,21.0,1,4,0
38,5,331.5,556.5,52.0,25.0,1,5,0
38,7,1057.0,520.5,36.0,16.0,1,4,0
38,8,1015.0,520.0,32.0,16.0,1,4,0
38,4,956.0,516.0,49.0,20.0,1,4,0
39,5,239.0,572.0,66.0,31.0,1,5,0
39,7,1023.0,523.5,38.0,16.0,1,4,0
39,8,981.5,524.0,33.0,15.0,1,4,0
39,4,922.0,521.0,44.0,21.0,1,4,0
40,5,144.88,568.0,81.0,34.0,1,5,0
40,7,1000.0,516.0,38.0,16.0,1,4,0
40,8,957.5,516.0,34.0,16.0,1,4,0
40,4,897.5,512.5,49.0,21.0,1,4,0
41,5,48.44,568.5,82.56,38.0,1,5,0
41,7,986.5,514.0,37.0,17.0,1,4,0
41,8,944.5,514.5,32.0,16.0,1,4,0
41,4,885.0,510.75,41.0,22.75,1,4,0
42,5,-0.0,568.0,42.63,45.0,1,5,0
42,7,982.0,513.5,39.0,17.0,1,4,0
42,8,942.0,513.5,33.0,16.0,1,4,0
42,4,883.0,509.5,47.0,22.0,1,4,0
43,7,947.5,512.5,35.0,16.0,1,4,0
43,8,889.0,509.0,44.0,24.0,1,4,0
43,4,986.0,512.5,45.0,17.0,1,4,0
44,7,902.0,507.25,50.0,24.25,1,4,0
44,4,962.0,511.5,32.0,16.0,1,4,0
45,7,922.5,483.25,43.0,23.5,1,4,0
45,4,982.5,487.0,31.0,16.0,1,4,0
45,9,1025.0,486.75,36.0,16.5,1,4,0
46,7,1003.0,487.75,34.0,16.0,1,4,0
46,4,941.5,483.75,53.0,24.5,1,4,0
46,9,1047.0,488.0,34.0,16.5,1,4,0
47,7,962.0,481.5,46.0,20.0,1,4,0
47,4,1023.5,485.0,33.5,15.5,1,4,0
47,9,1066.0,484.5,36.0,17.0,1,4,0
48,7,979.0,489.25,47.0,22.75,1,4,0
48,4,1041.0,492.5,32.0,16.0,1,4,0
48,9,1083.0,491.5,36.0,17.0,1,4,0
49,7,990.0,489.5,47.0,19.0,1,4,0
49,4,1051.0,494.25,32.0,15.5,1,4,0
49,9,1094.0,494.75,36.0,16.5,1,4,0
49,10,1166.0,485.5,18.0,28.0,1,1,0
50,7,993.0,492.5,42.0,19.5,1,4,0
50,4,1054.0,497.5,32.0,15.0,1,4,0
50,9,1095.0,499.5,36.0,16.0,1,4,0
50,10,1169.0,498.0,18.0,22.0,1,1,0
51,7,992.5,498.5,43.5,19.0,1,4,0
51,4,1052.0,502.75,34.0,15.25,1,4,0
51,9,1095.0,503.25,38.0,16.75,1,4,0
51,10,1169.0,492.75,18.0,29.75,1,1,0
52,7,986.5,506.25,40.5,17.25,1,4,0
52,4,1048.0,509.75,32.0,14.25,1,4,0
52,9,1091.0,510.25,34.0,15.75,1,4,0
52,10,1164.0,498.25,18.0,29.75,1,1,0
53,7,976.5,508.5,45.0,22.0,1,4,0
53,4,1037.0,512.5,36.0,16.0,1,4,0
53,9,1080.0,512.0,38.0,17.0,1,4,0
53,10,1156.0,505.5,18.0,25.0,1,1,0
54,7,962.0,494.75,55.0,21.75,1,4,0
54,4,1023.5,498.0,34.5,17.5,1,4,0
54,9,1061.0,498.25,46.0,17.75,1,4,0
54,10,1142.0,497.25,16.0,20.75,1,1,0
55,7,947.0,495.5,47.0,20.0,1,4,0
55,4,1008.5,500.0,32.5,16.0,1,4,0
55,9,1052.0,501.25,38.0,16.75,1,4,0
55,10,1127.0,495.25,18.0,26.25,1,1,0
56,7,939.5,501.5,45.0,20.0,1,4,0
56,4,1000.5,505.75,32.5,15.75,1,4,0
56,9,1042.0,506.5,40.0,17.0,1,4,0
56,10,1119.0,497.75,18.0,29.25,1,1,0
57,7,930.0,510.75,41.0,17.25,1,4,0
57,4,990.5,513.5,33.0,16.0,1,4,0
57,9,1035.0,513.5,36.0,16.0,1,4,0
57,10,1109.0,502.0,20.0,31.0,1,1,0
58,7,913.5,507.0,48.0,22.0,1,4,0
58,4,975.5,511.0,33.0,16.0,1,4,0
58,9,1020.5,510.5,39.5,17.0,1,4,0
58,10,1097.0,499.75,18.0,30.75,1,1,0
59,7,899.0,495.0,44.0,20.0,1,4,0
59,4,961.0,499.0,32.0,17.0,1,4,0
59,9,1005.0,500.0,38.0,17.0,1,4,0
59,10,1083.0,499.25,16.0,21.75,1,1,0
60,7,882.5,492.75,45.0,21.25,1,4,0
60,4,945.0,496.5,32.0,16.5,1,4,0
60,9,981.5,497.5,48.5,17.0,1,4,0
60,10,1068.0,487.75,18.0,30.25,1,1,0
61,7,869.5,499.0,41.0,18.0,1,4,0
61,4,931.0,503.0,32.0,15.0,1,4,0
61,9,975.0,502.25,37.0,16.75,1,4,0
61,10,1054.0,492.0,18.0,30.0,1,1,0
62,7,853.0,505.75,45.0,17.25,1,4,0
62,4,915.0,508.0,33.0,16.0,1,4,0
62,9,960.5,507.75,38.0,16.75,1,4,0
62,10,1038.0,494.75,18.0,32.25,1,1,0
63,7,837.0,490.0,50.0,18.5,1,4,0
63,4,897.5,493.0,33.0,16.0,1,4,0
63,9,943.0,492.5,38.0,16.5,1,4,0
63,10,1023.0,483.5,16.0,29.5,1,1,0
64,7,817.0,495.75,44.0,17.75,1,4,0
64,4,880.5,499.0,32.0,15.0,1,4,0
64,9,926.0,500.25,34.0,15.75,1,4,0
64,10,1004.0,494.75,18.0,27.25,1,1,0
65,7,795.5,522.5,45.0,18.0,1,4,0
65,4,858.0,526.5,32.0,14.0,1,4,0
65,9,903.0,527.0,32.0,16.0,1,4,0
65,10,985.0,518.5,17.0,28.0,1,1,0
66,7,768.0,515.5,48.0,18.0,1,4,0
66,4,831.5,517.5,33.0,16.0,1,4,0
66,9,877.0,517.0,37.0,17.0,1,4,0
66,10,959.0,502.75,18.0,33.75,1,1,0
67,7,734.0,514.0,48.0,17.0,1,4,0
67,4,798.5,515.5,34.0,16.0,1,4,0
67,9,844.0,515.0,40.0,17.0,1,4,0
67,10,926.0,507.5,19.0,27.0,1,1,0
68,7,699.0,501.25,55.0,18.75,1,4,0
68,4,764.0,505.25,36.0,16.75,1,4,0
68,9,810.0,505.75,38.0,16.25,1,4,0
68,10,894.0,498.75,16.0,27.75,1,1,0
69,7,665.5,500.25,46.0,19.25,1,4,0
69,4,731.0,505.0,33.0,15.0,1,4,0
69,9,777.5,506.0,35.0,16.0,1,4,0
69,10,860.5,493.5,19.0,32.0,1,1,0
70,7,640.0,502.0,49.0,19.0,1,4,0
70,4,707.5,505.5,33.0,16.0,1,4,0
70,9,754.0,506.25,34.0,16.25,1,4,0
70,10,838.0,496.0,19.0,30.5,1,1,0
71,7,626.0,505.0,49.0,17.0,1,4,0
71,4,693.5,506.5,34.0,16.0,1,4,0
71,9,740.0,505.75,38.0,16.25,1,4,0
71,10,825.0,494.25,20.0,31.75,1,1,0
72,7,620.0,510.25,47.0,18.25,1,4,0
72,4,687.5,513.0,33.0,16.0,1,4,0
72,9,734.5,512.5,36.0,17.0,1,4,0
72,10,821.0,499.25,17.0,33.25,1,1,0
73,7,615.0,514.0,58.0,19.0,1,4,0
73,4,682.5,517.0,37.0,16.0,1,4,0
73,9,728.5,516.5,42.0,17.0,1,4,0
73,10,815.0,502.25,22.0,34.25,1,1,0
74,7,608.0,503.75,52.0,18.25,1,4,0
74,4,677.0,508.25,37.0,17.25,1,4,0
74,9,724.5,508.0,41.0,18.0,1,4,0
74,10,813.0,492.75,18.0,37.75,1,1,0
75,7,604.0,505.5,58.0,18.0,1,4,0
75,4,676.0,509.0,35.0,16.0,1,4,0
75,9,723.0,508.75,38.0,16.75,1,4,0
75,10,810.5,495.5,20.0,35.0,1,1,0
76,7,602.0,511.75,53.0,17.25,1,4,0
76,4,674.0,514.0,34.0,16.0,1,4,0
76,9,722.0,513.0,38.0,17.0,1,4,0
76,10,809.5,498.0,20.0,35.0,1,1,0
77,7,601.0,504.0,61.0,19.0,1,4,0
77,4,674.5,506.25,36.0,16.75,1,4,0
77,9,723.0,506.25,34.0,17.25,1,4,0
77,10,813.0,497.5,18.0,29.0,1,1,0
78,7,608.5,495.5,57.0,18.5,1,4,0
78,4,682.5,498.75,35.0,16.75,1,4,0
78,9,729.0,499.0,41.0,17.5,1,4,0
78,10,821.0,487.75,19.0,33.75,1,1,0
79,7,620.0,498.75,57.0,19.75,1,4,0
79,4,694.5,502.5,33.0,16.5,1,4,0
79,9,743.0,502.5,37.0,17.0,1,4,0
79,10,835.0,491.5,19.0,33.0,1,1,0
80,7,640.5,508.5,57.0,19.0,1,4,0
80,4,764.0,511.25,43.0,17.75,1,4,0
80,9,716.0,512.0,35.0,17.0,1,4,0
80,10,857.5,497.25,19.0,36.75,1,1,0
81,4,750.0,507.5,35.0,17.0,1,4,0
81,9,672.5,505.25,57.0,17.75,1,4,0
82,4,706.5,509.0,59.0,19.0,1,4,0
82,9,786.0,513.0,33.0,16.0,1,4,0
82,12,834.5,513.0,41.0,17.0,1,4,0
83,4,735.0,514.0,58.0,19.0,1,4,0
83,9,812.0,519.0,36.0,16.0,1,4,0
83,12,862.0,519.5,42.0,17.0,1,4,0
83,10,956.0,508.75,19.0,33.75,1,1,0
84,4,753.5,512.0,64.0,20.0,1,4,0
84,9,835.0,517.0,36.0,18.0,1,4,0
84,12,884.0,517.0,42.0,18.0,1,4,0
84,10,977.5,502.5,21.0,38.0,1,1,0
85,4,771.0,505.0,64.0,20.0,1,4,0
85,9,851.0,510.25,38.0,17.25,1,4,0
85,12,900.0,510.75,43.0,18.25,1,4,0
85,10,996.0,496.5,22.0,39.0,1,1,0
86,4,776.0,510.75,61.0,18.75,1,4,0
86,9,839.5,514.0,53.0,18.0,1,4,0
86,12,891.5,515.0,56.0,18.0,1,4,0
86,10,1002.0,499.5,21.0,39.0,1,1,0
87,4,785.0,502.75,51.0,19.25,1,4,0
87,9,856.5,504.75,38.0,18.25,1,4,0
87,12,906.0,505.25,40.0,18.75,1,4,0
87,10,1005.5,493.5,18.5,34.5,1,1,0
88,4,759.0,505.5,54.0,17.0,1,4,0
88,9,879.0,506.5,44.0,18.0,1,4,0
88,12,833.5,507.0,38.0,17.0,1,4,0
88,10,982.5,492.0,22.0,36.5,1,1,0
89,4,790.5,506.25,40.0,17.75,1,4,0
89,12,827.5,506.5,58.0,19.0,1,4,0
89,10,942.0,495.25,21.0,35.25,1,1,0
89,7,716.5,500.0,59.0,20.5,1,4,0
90,4,792.0,513.5,38.0,17.0,1,4,0
90,10,893.0,512.5,20.0,26.0,1,1,0
90,7,741.5,512.5,38.0,16.0,1,4,0
91,4,691.5,520.0,40.0,17.0,1,4,0
91,7,747.0,521.0,41.0,17.0,1,4,0
91,14,623.5,515.0,49.0,18.0,1,4,0
92,4,646.5,525.0,53.0,17.0,1,4,0
92,7,714.0,525.0,33.0,17.0,1,4,0
92,14,590.5,523.0,51.0,17.0,1,4,0
92,10,817.0,521.5,19.0,26.0,1,1,0
93,4,614.0,523.0,60.0,19.0,1,4,0
93,7,688.0,522.0,40.0,18.0,1,4,0
93,14,563.0,521.0,52.0,18.0,1,4,0
93,10,792.0,508.0,19.0,36.0,1,1,0
94,4,613.0,511.0,35.0,16.0,1,4,0
94,7,663.0,510.5,44.0,18.0,1,4,0
94,14,540.0,509.75,50.0,17.25,1,4,0
94,10,768.0,495.0,20.0,38.0,1,1,0
95,4,585.5,500.75,38.0,17.75,1,4,0
95,7,637.0,501.0,44.0,18.0,1,4,0
95,14,514.5,499.0,50.0,18.0,1,4,0
95,10,741.5,489.0,20.0,36.5,1,1,0
96,4,552.5,506.5,51.0,17.0,1,4,0
96,7,609.5,505.5,45.0,18.0,1,4,0
96,14,491.75,503.75,50.75,17.75,1,4,0
96,10,719.5,490.25,23.0,39.25,1,1,0
97,4,541.0,510.5,49.0,17.0,1,4,0
97,7,603.0,510.5,38.0,17.0,1,4,0
97,14,480.25,505.75,49.75,19.25,1,4,0
97,10,708.5,502.0,20.0,31.0,1,1,0
98,4,542.5,517.5,36.0,17.0,1,4,0
98,7,594.5,517.5,37.0,17.0,1,4,0
98,14,470.5,514.5,49.0,20.0,1,4,0
98,10,699.0,505.25,23.0,34.25,1,1,0
99,4,506.25,517.0,59.25,19.0,1,4,0
99,7,578.5,516.5,41.0,18.0,1,4,0
99,14,452.0,514.0,54.0,20.0,1,4,0
99,10,683.5,508.5,22.0,30.0,1,1,0
100,4,480.25,514.0,61.75,20.0,1,4,0
100,7,544.0,513.5,53.0,19.0,1,4,0
100,14,426.25,509.25,54.5,21.25,1,4,0
100,10,659.0,501.5,22.0,36.0,1,1,0
101,4,479.75,521.0,37.25,16.0,1,4,0
101,7,532.0,521.0,36.0,17.0,1,4,0
101,14,404.5,515.5,52.0,21.0,1,4,0
101,10,636.5,505.75,23.0,39.25,1,1,0
101,19,911.0,526.5,11.0,15.0,1,1,0
102,4,466.75,513.5,38.5,18.0,1,4,0
102,7,520.5,513.5,41.0,18.0,1,4,0
102,14,384.5,509.5,59.0,21.0,1,4,0
102,10,624.5,501.25,22.0,37.25,1,1,0
102,19,901.5,517.0,9.0,13.0,1,1,0
103,4,440.5,513.0,63.0,20.0,1,4,0
103,7,515.5,512.0,44.0,19.0,1,4,0
103,14,377.0,509.0,64.0,21.0,1,4,0
103,10,620.0,504.0,25.0,33.0,1,1,0
103,19,898.5,514.0,10.0,13.0,1,1,0
104,4,439.75,507.5,62.0,19.0,1,4,0
104,7,514.5,506.5,44.0,19.0,1,4,0
104,14,375.25,503.0,63.5,21.0,1,4,0
104,10,618.0,491.25,26.0,41.25,1,1,0
104,19,900.5,509.0,10.0,14.0,1,1,0
104,20,884.5,509.5,10.0,14.0,1,1,0
105,4,448.0,507.5,59.0,19.0,1,4,0
105,7,520.0,507.0,45.0,19.0,1,4,0
105,14,378.25,502.75,66.5,21.25,1,4,0
105,10,624.0,495.0,26.0,38.0,1,1,0
105,19,908.0,511.0,9.0,13.0,1,1,0
105,20,890.5,511.5,11.0,14.0,1,1,0
106,4,453.0,506.25,65.5,20.75,1,4,0
106,7,528.0,506.5,40.0,19.0,1,4,0
106,14,384.25,502.5,69.5,22.0,1,4,0
106,10,633.0,498.75,25.0,32.25,1,1,0
106,19,902.5,509.0,10.0,13.0,1,1,0
106,20,918.0,509.25,9.0,13.25,1,1,0
107,4,461.25,510.25,56.25,19.25,1,4,0
107,7,533.0,509.0,38.0,19.0,1,4,0
107,14,392.0,504.75,65.0,22.75,1,4,0
107,10,636.5,487.75,27.0,46.25,1,1,0
107,19,910.0,509.25,9.0,13.75,1,1,0
107,20,924.5,509.75,10.0,14.75,1,1,0
108,4,453.75,494.25,61.25,20.25,1,4,0
108,7,527.5,494.0,39.0,19.0,1,4,0
108,14,384.5,489.75,65.5,22.75,1,4,0
108,10,631.0,475.75,27.0,43.25,1,1,0
108,19,907.0,496.5,9.0,13.5,1,1,0
108,20,922.0,497.0,9.0,13.5,1,1,0
109,4,442.0,498.25,65.0,19.25,1,4,0
109,7,503.0,499.0,56.0,19.0,1,4,0
109,14,375.75,493.0,65.5,22.0,1,4,0
109,10,624.0,477.75,27.0,47.75,1,1,0
109,19,900.5,505.0,10.0,15.0,1,1,0
109,20,917.0,505.0,9.0,15.0,1,1,0
110,4,449.5,532.0,62.0,19.0,1,4,0
110,7,527.0,532.0,43.0,18.0,1,4,0
110,14,389.0,525.5,59.5,24.0,1,4,0
110,10,629.0,512.5,26.0,47.0,1,1,0
110,19,909.5,538.0,10.0,16.0,1,1,0
110,20,925.0,538.0,9.0,15.0,1,1,0
111,4,464.5,527.5,62.0,19.0,1,4,0
111,7,533.5,528.0,53.0,18.0,1,4,0
111,14,395.25,522.0,67.5,23.0,1,4,0
111,19,904.5,528.5,9.0,14.0,1,1,0
111,20,926.5,527.5,10.0,16.0,1,1,0
112,4,479.75,509.75,63.25,18.75,1,4,0
112,7,555.5,509.25,46.0,18.75,1,4,0
112,14,408.5,503.75,68.5,23.25,1,4,0
112,19,899.0,511.75,14.0,16.75,1,1,0
112,20,923.0,512.5,9.0,14.0,1,1,0
112,22,946.0,512.5,9.0,15.0,1,1,0
112,10,657.0,489.0,30.0,46.0,1,1,0
113,4,490.25,493.5,61.25,21.0,1,4,0
113,7,554.0,494.75,60.0,19.75,1,4,0
113,14,418.5,487.5,69.0,23.5,1,4,0
113,19,912.5,503.5,14.0,16.0,1,1,0
113,20,935.0,506.0,11.0,13.0,1,1,0
113,22,974.0,506.75,10.0,12.25,1,1,0
113,10,665.0,480.75,31.0,42.75,1,1,0
114,4,500.0,490.25,67.0,20.5,1,4,0
114,7,580.0,490.5,41.0,19.0,1,4,0
114,14,430.5,484.0,69.0,24.0,1,4,0
114,20,928.0,497.75,14.0,15.75,1,1,0
114,22,990.5,500.75,10.0,13.75,1,1,0
114,10,680.0,475.5,29.0,43.0,1,1,0
115,4,515.0,508.0,67.0,19.0,1,4,0
115,7,581.5,506.75,62.0,19.75,1,4,0
115,14,447.0,501.0,68.5,24.0,1,4,0
115,20,974.5,512.5,10.0,14.0,1,1,0
115,22,1011.5,513.5,9.0,14.0,1,1,0
115,10,695.5,489.0,33.0,46.0,1,1,0
115,19,948.0,512.0,13.0,16.0,1,1,0
116,4,534.0,512.5,66.0,20.0,1,4,0
116,7,597.5,512.0,65.0,20.0,1,4,0
116,14,466.75,508.0,67.75,23.0,1,4,0
116,20,983.5,511.25,9.0,13.25,1,1,0
116,22,1033.0,510.5,10.0,13.0,1,1,0
116,10,713.5,495.0,31.0,42.0,1,1,0
117,4,552.5,501.25,67.0,20.25,1,4,0
117,7,619.5,499.5,61.0,20.0,1,4,0
117,14,481.5,496.0,71.0,24.5,1,4,0
117,20,987.0,499.75,16.0,16.75,1,1,0
117,22,1056.0,501.5,8.0,13.0,1,1,0
117,10,732.0,484.25,32.0,41.75,1,1,0
117,19,1048.0,501.75,8.0,14.25,1,1,0
118,4,572.5,515.0,67.0,20.0,1,4,0
118,7,652.0,515.5,46.0,20.0,1,4,0
118,14,501.25,506.5,70.25,26.0,1,4,0
118,22,1079.0,528.0,8.0,13.0,1,1,0
118,10,752.0,507.0,30.0,39.0,1,1,0
119,4,590.0,515.5,68.0,20.0,1,4,0
119,7,671.0,516.5,49.0,19.0,1,4,0
119,14,519.0,508.5,70.0,23.0,1,4,0
119,22,1097.0,529.0,8.0,14.0,1,1,0
119,19,1104.0,529.5,8.0,14.0,1,1,0
120,4,604.5,528.5,68.0,20.0,1,4,0
120,7,674.0,529.0,51.0,19.0,1,4,0
120,14,535.0,522.0,68.0,25.0,1,4,0
120,22,1115.0,534.0,8.0,14.0,1,1,0
120,19,1122.0,534.5,8.0,14.0,1,1,0
120,20,989.5,532.0,11.0,18.0,1,1,0
121,4,609.0,521.5,68.0,20.0,1,4,0
121,7,673.0,520.5,64.0,19.0,1,4,0
121,14,539.0,516.5,69.0,25.0,1,4,0
121,22,1094.0,521.5,8.0,15.0,1,1,0
121,19,1125.0,521.0,10.0,15.0,1,1,0
121,20,995.0,519.0,11.0,21.0,1,1,0
121,10,790.5,504.25,33.0,44.75,1,1,0
122,4,605.0,521.0,68.0,21.0,1,4,0
122,7,667.0,521.0,67.0,20.0,1,4,0
122,14,533.0,515.5,71.0,24.0,1,4,0
122,22,1096.0,523.0,8.0,15.0,1,1,0
122,19,1132.0,523.0,8.0,15.0,1,1,0
122,20,995.5,520.5,10.0,20.0,1,1,0
123,4,594.5,494.0,66.0,18.5,1,4,0
123,7,597.5,492.25,125.0,21.75,1,4,0
123,14,523.0,486.25,69.0,25.5,1,4,0
123,22,1065.0,501.25,8.0,14.75,1,1,0
123,19,1120.0,503.5,12.0,14.5,1,1,0
123,10,776.5,484.75,29.0,38.75,1,1,0
124,4,578.0,490.25,69.0,20.5,1,4,0
124,7,638.0,492.5,65.0,18.5,1,4,0
124,14,504.25,483.75,71.25,23.5,1,4,0
124,19,1108.0,502.25,10.0,13.25,1,1,0
124,20,936.5,494.5,15.0,19.5,1,1,0
125,4,557.5,493.5,69.0,20.0,1,4,0
125,7,620.0,495.0,61.0,18.5,1,4,0
125,14,482.0,486.75,74.0,24.5,1,4,0
125,19,1095.0,505.5,10.0,14.0,1,1,0
125,26,739.5,480.75,35.0,41.75,1,7,0
125,20,920.5,499.25,16.0,18.25,1,1,0
125,22,1063.0,504.0,10.0,15.5,1,1,0
126,4,538.5,508.0,68.0,20.0,1,4,0
126,7,600.5,509.5,66.0,19.0,1,4,0
126,14,464.75,502.0,72.25,24.0,1,4,0
126,19,1079.0,516.0,10.0,16.0,1,1,0
126,20,915.5,512.0,12.0,19.0,1,1,0
126,22,1049.0,515.0,8.0,17.0,1,1,0
126,10,721.0,499.5,32.0,38.0,1,1,0
127,4,517.0,510.0,72.0,20.0,1,4,0
127,7,580.5,511.75,67.0,19.75,1,4,0
127,14,444.75,502.5,71.25,24.0,1,4,0
127,19,1064.0,521.0,10.0,14.0,1,1,0
127,20,919.0,519.0,10.0,17.0,1,1,0
127,22,1026.0,519.0,8.0,14.0,1,1,0
127,27,1005.0,517.5,9.0,14.0,1,1,0
127,26,702.0,499.5,33.0,40.0,1,7,0
128,4,500.75,514.0,70.25,21.0,1,4,0
128,7,563.5,515.5,64.0,19.0,1,4,0
128,14,427.5,508.5,73.0,24.0,1,4,0
128,19,1050.0,520.0,12.0,14.0,1,1,0
128,20,986.5,518.0,13.0,16.0,1,1,0
128,22,1023.0,518.5,10.0,14.0,1,1,0
128,27,1012.0,518.5,8.0,13.0,1,1,0
128,26,683.5,496.75,32.0,46.25,1,7,0
129,4,477.25,511.25,70.75,20.25,1,4,0
129,7,541.5,512.5,63.0,19.0,1,4,0
129,14,403.5,505.25,72.5,23.25,1,4,0
129,20,1004.0,515.5,12.0,15.0,1,1,0
129,22,1032.0,516.0,12.0,15.0,1,1,0
129,27,968.0,514.5,15.0,15.0,1,1,0
129,26,660.5,493.5,32.0,46.0,1,7,0
130,4,453.5,509.5,70.5,21.0,1,4,0
130,7,517.0,511.25,62.0,18.75,1,4,0
130,14,377.75,503.0,75.0,24.0,1,4,0
130,20,1013.0,515.0,11.0,14.0,1,1,0
130,22,976.5,514.5,9.0,13.0,1,1,0
130,27,948.5,514.0,13.0,14.0,1,1,0
130,26,636.5,492.75,34.0,45.75,1,7,0
130,19,985.0,514.5,10.0,13.0,1,1,0
131,4,432.5,511.25,72.5,20.25,1,4,0
131,7,498.5,512.5,68.0,19.0,1,4,0
131,14,357.25,505.0,74.5,25.0,1,4,0
131,20,999.5,515.0,12.0,15.0,1,1,0
131,22,972.0,514.0,10.0,16.0,1,1,0
131,27,932.0,514.5,9.0,16.0,1,1,0
131,26,617.5,493.25,34.0,46.25,1,7,0
131,19,940.0,513.5,10.0,15.0,1,1,0
132,4,417.75,514.0,71.5,20.0,1,4,0
132,7,483.5,515.0,64.0,19.0,1,4,0
132,14,344.25,508.25,72.5,23.25,1,4,0
132,20,987.5,515.0,14.0,16.0,1,1,0
132,22,961.5,515.0,10.0,15.0,1,1,0
132,27,951.5,516.0,9.0,14.0,1,1,0
132,26,600.0,495.75,36.0,46.75,1,7,0
132,19,922.5,516.5,14.0,15.0,1,1,0
132,28,799.5,517.5,11.0,15.0,1,1,0
133,4,403.5,514.5,73.5,21.0,1,4,0
133,7,468.0,516.0,66.5,19.0,1,4,0
133,14,329.5,509.5,73.0,24.0,1,4,0
133,20,979.0,516.5,13.0,15.0,1,1,0
133,22,953.5,516.5,10.0,14.0,1,1,0
133,27,943.5,517.5,10.0,13.0,1,1,0
133,26,586.5,492.5,36.0,51.0,1,7,0
133,19,913.0,516.5,16.0,16.0,1,1,0
133,28,789.5,516.0,12.0,17.0,1,1,0
134,4,397.0,511.0,72.5,21.0,1,4,0
134,7,463.0,511.25,67.0,20.25,1,4,0
134,14,320.0,504.75,73.5,24.25,1,4,0
134,20,977.0,513.0,12.0,16.0,1,1,0
134,22,951.0,513.5,10.0,15.0,1,1,0
134,27,942.0,513.0,10.0,15.0,1,1,0
134,26,579.0,492.75,36.0,47.75,1,7,0
134,19,908.5,513.0,12.0,16.0,1,1,0
134,28,783.5,512.0,12.0,17.0,1,1,0
135,4,387.5,499.25,73.0,20.75,1,4,0
135,7,455.0,500.5,65.0,19.5,1,4,0
135,14,314.5,492.75,71.5,24.75,1,4,0
135,20,976.0,501.75,12.0,15.75,1,1,0
135,22,950.5,502.0,9.0,16.0,1,1,0
135,27,941.0,502.75,9.0,14.75,1,1,0
135,19,904.5,502.0,9.0,15.5,1,1,0
135,28,914.0,502.25,9.0,15.25,1,1,0
135,10,571.0,476.75,35.0,53.75,1,1,0
136,4,385.5,496.75,74.5,20.75,1,4,0
136,7,450.75,497.75,69.25,19.75,1,4,0
136,14,310.75,491.75,74.0,24.25,1,4,0
136,20,978.0,499.0,11.0,15.5,1,1,0
136,22,953.5,499.0,9.0,16.0,1,1,0
136,27,907.0,498.25,13.0,17.25,1,1,0
136,19,781.5,497.0,13.0,19.0,1,1,0
136,28,943.5,498.75,9.0,16.25,1,1,0
136,26,569.5,475.75,38.0,50.75,1,7,0
137,4,387.75,496.25,76.5,21.25,1,4,0
137,7,453.5,497.5,74.5,20.0,1,4,0
137,14,314.25,492.0,75.0,23.5,1,4,0
137,20,988.0,501.0,9.0,14.0,1,1,0
137,22,955.0,500.5,10.0,15.0,1,1,0
137,27,916.0,500.25,9.0,14.75,1,1,0
137,28,965.0,500.0,8.0,14.0,1,1,0
137,26,574.5,476.5,39.0,50.0,1,7,0
138,4,398.25,518.5,73.5,21.0,1,4,0
138,7,464.25,519.5,67.75,19.0,1,4,0
138,14,323.0,513.0,73.0,24.0,1,4,0
138,20,976.5,521.0,10.0,16.0,1,1,0
138,22,968.5,520.5,9.0,17.0,1,1,0
138,27,928.0,521.0,9.0,16.0,1,1,0
138,28,1000.0,521.0,9.0,16.0,1,1,0
138,26,581.0,495.25,40.0,53.25,1,7,0
139,4,413.25,523.5,72.5,21.0,1,4,0
139,7,480.0,525.0,69.0,19.0,1,4,0
139,14,336.5,518.5,74.5,24.0,1,4,0
139,20,1021.5,525.0,9.5,15.0,1,1,0
139,22,957.5,524.0,13.0,15.0,1,1,0
139,27,946.0,525.5,9.0,15.0,1,1,0
139,28,1030.0,524.5,8.0,15.0,1,1,0
139,10,594.5,505.75,39.0,48.75,1,1,0
140,4,428.75,519.0,74.0,21.0,1,4,0
140,7,496.25,519.0,75.25,21.0,1,4,0
140,14,354.25,510.75,72.5,26.25,1,4,0
140,20,1019.0,528.0,8.0,13.0,1,1,0
140,22,966.0,526.0,11.0,14.0,1,1,0
140,27,976.5,526.0,9.0,16.0,1,1,0
140,28,1049.0,526.0,8.0,15.0,1,1,0
140,26,610.0,501.25,37.0,50.25,1,7,0
141,4,442.0,504.0,73.5,21.0,1,4,0
141,7,509.75,505.25,74.75,20.25,1,4,0
141,14,366.25,498.0,75.0,24.0,1,4,0
141,20,1030.0,515.0,10.0,16.0,1,1,0
141,22,987.5,515.0,9.0,14.0,1,1,0
141,27,1006.5,514.0,10.0,16.0,1,1,0
141,28,1072.0,515.5,8.0,17.0,1,1,0
141,10,624.5,483.5,41.0,54.0,1,1,0
142,4,462.25,514.0,73.75,21.0,1,4,0
142,7,529.5,513.5,75.0,21.0,1,4,0
142,14,385.5,506.5,75.0,26.0,1,4,0
142,20,1031.0,520.0,10.0,14.0,1,1,0
142,22,1020.5,519.5,9.5,14.0,1,1,0
142,27,1010.5,520.5,9.0,13.0,1,1,0
142,28,1096.0,521.0,10.0,15.0,1,1,0
142,26,644.0,492.0,40.0,54.0,1,7,0
143,4,479.75,518.0,74.25,21.0,1,4,0
143,7,545.0,518.5,74.0,20.0,1,4,0
143,14,400.75,511.75,75.5,24.75,1,4,0
143,20,1031.0,520.0,12.0,15.0,1,1,0
143,22,1108.0,520.0,10.0,15.0,1,1,0
143,28,1120.0,520.5,10.0,16.0,1,1,0
143,10,661.0,503.0,38.0,47.0,1,1,0
144,4,496.0,495.75,78.0,21.75,1,4,0
144,7,560.0,496.5,79.0,20.5,1,4,0
144,14,420.5,489.25,75.5,25.75,1,4,0
144,20,1055.0,500.5,12.0,14.5,1,1,0
144,28,1144.0,502.0,10.0,14.5,1,1,0
144,10,681.0,473.0,41.0,56.0,1,1,0
145,4,513.5,489.25,78.0,21.5,1,4,0
145,7,577.5,490.25,78.0,20.5,1,4,0
145,14,435.5,482.25,76.0,26.0,1,4,0
145,20,1089.0,493.25,10.0,16.5,1,1,0
145,28,1167.0,494.75,10.0,15.5,1,1,0
145,10,696.0,463.25,44.0,59.25,1,1,0
145,27,1076.0,493.25,12.0,15.5,1,1,0
145,22,1136.0,495.0,10.0,15.5,1,1,0
146,4,522.0,506.5,75.0,21.0,1,4,0
146,7,588.5,507.0,74.0,20.0,1,4,0
146,14,446.0,500.25,74.0,25.75,1,4,0
146,20,1103.0,510.0,10.0,18.0,1,1,0
146,28,1182.0,510.0,10.0,17.0,1,1,0
146,10,704.5,474.25,42.0,64.25,1,1,0
146,30,1142.0,509.5,10.0,17.0,1,1,0
146,31,1115.0,509.5,10.0,16.0,1,1,0
146,27,1089.0,509.5,10.0,17.0,1,1,0
146,22,1152.0,509.75,10.0,16.25,1,1,0
147,4,524.0,518.0,75.0,21.0,1,4,0
147,7,590.0,519.0,77.0,20.0,1,4,0
147,14,447.0,510.5,74.5,27.0,1,4,0
147,20,1109.0,524.0,10.0,17.0,1,1,0
147,28,1188.0,524.5,10.0,18.0,1,1,0
147,10,706.5,487.75,42.0,64.75,1,1,0
147,30,1148.0,524.5,10.0,16.0,1,1,0
147,31,1122.0,524.5,10.0,17.0,1,1,0
147,27,1095.0,525.0,12.0,16.0,1,1,0
147,22,1172.0,525.5,10.0,16.0,1,1,0
147,32,1158.0,524.0,10.0,16.0,1,1,0
148,4,511.0,510.75,77.0,21.75,1,4,0
148,7,578.0,512.5,78.0,20.0,1,4,0
148,14,434.5,503.0,75.0,27.0,1,4,0
148,20,1117.0,520.0,10.0,17.0,1,1,0
148,10,696.5,493.0,40.0,52.0,1,1,0
148,30,1143.0,521.0,10.0,16.0,1,1,0
148,31,1089.0,520.0,10.0,15.0,1,1,0
148,27,1105.0,520.0,10.0,16.0,1,1,0
148,22,1184.0,521.0,10.0,17.0,1,1,0
148,32,1167.0,521.0,10.0,16.0,1,1,0
149,4,492.5,506.0,73.0,21.0,1,4,0
149,7,556.5,507.0,81.0,20.0,1,4,0
149,14,423.5,497.75,66.5,25.75,1,4,0
149,20,1129.0,515.5,10.0,16.0,1,1,0
149,10,674.5,483.0,42.0,57.5,1,1,0
149,30,1151.0,517.0,10.0,15.0,1,1,0
149,31,1073.0,515.0,10.0,15.0,1,1,0
149,27,1088.0,515.0,10.0,17.0,1,1,0
149,22,1102.0,515.0,12.0,15.0,1,1,0
149,32,1169.0,517.0,10.0,15.0,1,1,0
150,4,462.0,500.25,75.5,21.75,1,4,0
150,7,530.0,502.5,73.0,20.0,1,4,0
150,14,382.75,492.75,75.5,24.75,1,4,0
150,20,1144.0,513.5,10.0,15.0,1,1,0
150,10,645.5,477.75,41.0,58.25,1,1,0
150,30,1078.0,514.0,10.0,14.0,1,1,0
150,31,1064.0,513.0,10.0,15.0,1,1,0
150,27,1105.0,514.0,8.0,13.0,1,1,0
150,22,1116.0,512.5,8.0,14.0,1,1,0
150,32,1126.0,513.0,10.0,15.0,1,1,0
151,4,424.25,517.0,75.5,21.0,1,4,0
151,7,491.0,518.0,76.0,20.0,1,4,0
151,14,345.75,509.25,75.5,26.75,1,4,0
151,20,1094.0,523.5,10.0,16.0,1,1,0
151,30,1016.5,522.5,11.5,17.0,1,1,0
151,31,1047.0,522.0,10.0,18.0,1,1,0
151,27,1115.0,524.0,10.0,17.0,1,1,0
151,22,1074.0,522.5,10.0,17.0,1,1,0
151,32,1032.0,522.5,10.0,17.0,1,1,0
151,26,610.0,493.0,42.0,58.0,1,7,0
152,4,390.5,520.0,73.5,21.0,1,4,0
152,7,458.25,520.0,75.75,21.0,1,4,0
152,14,317.25,511.25,70.0,26.75,1,4,0
152,20,1048.0,526.5,8.0,14.0,1,1,0
152,30,987.5,527.0,11.0,13.0,1,1,0
152,31,1019.0,526.0,10.0,14.0,1,1,0
152,27,1086.0,529.0,10.0,13.0,1,1,0
152,22,1066.0,526.5,8.0,14.0,1,1,0
152,32,1003.5,527.0,10.0,14.0,1,1,0
152,10,574.5,496.5,43.0,58.0,1,1,0
153,4,360.0,510.0,82.0,22.0,1,4,0
153,7,431.5,511.5,77.0,20.0,1,4,0
153,14,281.5,503.0,76.0,27.0,1,4,0
153,20,1042.0,515.0,8.0,16.0,1,1,0
153,30,961.0,516.0,10.0,17.0,1,1,0
153,31,993.5,514.0,10.0,20.0,1,1,0
153,27,1033.0,514.5,10.0,17.0,1,1,0
153,22,1063.0,516.0,10.0,16.0,1,1,0
153,32,979.0,516.0,11.0,17.0,1,1,0
153,10,546.0,487.5,44.0,60.0,1,1,0
154,4,336.75,510.0,76.0,22.0,1,4,0
154,7,406.0,511.0,80.5,20.0,1,4,0
154,14,261.25,503.25,75.5,26.25,1,4,0
154,20,1010.0,508.75,10.0,15.75,1,1,0
154,30,965.5,510.0,10.0,16.0,1,1,0
154,31,981.0,509.25,10.0,16.25,1,1,0
154,27,1023.5,508.5,11.5,15.0,1,1,0
154,22,1049.0,509.5,10.0,17.0,1,1,0
154,32,946.0,509.5,12.0,16.0,1,1,0
154,10,525.5,488.5,47.0,55.0,1,1,0
155,4,318.25,513.5,79.5,22.0,1,4,0
155,7,387.75,513.5,79.5,21.0,1,4,0
155,14,238.88,509.0,77.12,25.0,1,4,0
155,20,1008.0,510.25,11.0,17.75,1,1,0
155,30,932.0,510.0,12.0,17.0,1,1,0
155,31,965.5,512.5,9.0,16.0,1,1,0
155,22,1035.0,510.75,10.0,17.25,1,1,0
155,32,950.0,510.5,11.0,18.0,1,1,0
155,10,505.25,495.75,46.25,51.25,1,1,0
156,4,304.25,517.0,75.0,21.0,1,4,0
156,7,372.25,516.5,78.0,21.0,1,4,0
156,14,223.5,510.0,76.0,25.0,1,4,0
156,20,996.5,515.5,12.0,17.0,1,1,0
156,30,938.0,515.0,10.0,18.0,1,1,0
156,31,953.5,515.0,10.0,18.0,1,1,0
156,22,1024.0,516.0,10.0,16.0,1,1,0
156,32,920.0,515.5,11.0,17.0,1,1,0
156,10,487.25,481.25,48.25,69.25,1,1,0
156,27,985.5,515.5,10.0,17.0,1,1,0
157,4,281.5,511.0,80.5,22.0,1,4,0
157,7,349.25,511.5,79.5,21.0,1,4,0
157,14,200.38,503.5,77.88,27.0,1,4,0
157,20,970.5,509.5,11.0,17.0,1,1,0
157,30,923.0,510.25,10.0,19.75,1,1,0
157,31,940.0,510.0,11.0,18.0,1,1,0
157,22,1010.0,512.0,10.0,17.0,1,1,0
157,32,903.0,511.25,11.0,17.25,1,1,0
157,10,464.5,478.0,49.0,69.0,1,1,0
157,27,982.5,510.0,10.0,18.0,1,1,0
158,4,256.75,506.25,76.5,21.25,1,4,0
158,7,325.75,506.5,81.5,21.0,1,4,0
158,14,178.75,500.25,77.25,25.25,1,4,0
158,20,966.5,506.75,10.0,18.25,1,1,0
158,30,907.5,507.0,11.0,17.0,1,1,0
158,31,925.5,505.75,11.0,17.25,1,1,0
158,22,995.0,507.25,11.0,16.25,1,1,0
158,32,887.0,507.75,11.0,17.75,1,1,0
158,27,954.0,507.25,10.0,17.25,1,1,0
159,4,231.12,513.5,78.88,22.0,1,4,0
159,7,303.5,513.0,80.0,21.0,1,4,0
159,14,152.25,506.0,76.0,28.0,1,4,0
159,20,936.0,514.5,11.0,19.0,1,1,0
159,30,886.0,514.5,10.0,19.0,1,1,0
159,31,903.0,514.0,11.0,20.0,1,1,0
159,22,975.0,515.0,10.0,18.0,1,1,0
159,32,866.0,515.5,11.0,18.0,1,1,0
159,27,946.5,515.0,10.0,18.0,1,1,0
159,10,414.5,483.5,52.0,67.0,1,1,0
160,4,207.0,522.5,78.75,22.0,1,4,0
160,7,279.5,524.0,77.0,20.0,1,4,0
160,14,125.25,516.0,79.5,27.0,1,4,0
160,20,928.0,523.5,10.0,16.0,1,1,0
160,30,868.0,524.5,10.0,17.0,1,1,0
160,31,886.0,523.5,11.0,18.0,1,1,0
160,22,957.0,524.5,10.0,16.0,1,1,0
160,32,848.5,524.0,11.0,17.0,1,1,0
161,4,183.75,522.0,77.0,22.0,1,4,0
161,7,255.5,522.5,81.5,21.0,1,4,0
161,14,101.5,516.0,80.0,26.0,1,4,0
161,20,911.0,522.0,11.0,16.0,1,1,0
161,30,850.5,522.5,11.0,17.0,1,1,0
161,31,870.5,521.5,12.0,18.0,1,1,0
161,22,941.5,522.5,10.0,17.0,1,1,0
161,32,832.0,522.0,10.0,19.0,1,1,0
161,10,363.0,483.0,57.0,76.0,1,1,0
161,27,901.0,522.0,11.0,16.0,1,1,0
162,4,161.5,520.5,76.5,22.0,1,4,0
162,7,233.5,519.5,84.5,21.0,1,4,0
162,14,85.0,513.0,74.75,27.0,1,4,0
162,20,898.5,521.0,9.0,14.0,1,1,0
162,30,835.0,520.0,11.0,18.0,1,1,0
162,31,856.0,520.0,10.0,17.0,1,1,0
162,22,927.5,521.0,10.0,17.0,1,1,0
162,32,817.5,519.5,11.0,16.0,1,1,0
162,10,341.5,484.75,57.0,72.25,1,1,0
162,27,889.0,520.0,11.0,15.0,1,1,0
163,4,139.75,512.0,76.75,22.0,1,4,0
163,7,211.75,510.25,87.75,22.25,1,4,0
163,14,60.44,504.25,76.81,29.75,1,4,0
163,20,883.5,511.5,10.0,17.0,1,1,0
163,30,819.5,513.0,12.0,17.0,1,1,0
163,31,841.0,511.75,11.0,18.75,1,1,0
163,22,911.5,512.0,10.0,18.0,1,1,0
163,32,799.5,511.75,11.0,18.75,1,1,0
163,10,317.5,475.25,57.5,75.25,1,1,0
163,27,873.0,511.75,11.0,18.25,1,1,0
164,4,119.62,514.5,80.25,22.0,1,4,0
164,7,196.38,515.0,77.62,21.0,1,4,0
164,14,34.75,507.75,82.0,27.25,1,4,0
164,20,872.0,514.5,9.0,17.0,1,1,0
164,30,805.0,515.0,11.0,18.0,1,1,0
164,31,827.5,514.5,11.0,18.0,1,1,0
164,22,899.5,515.5,11.0,17.0,1,1,0
164,32,787.5,515.0,11.0,18.0,1,1,0
164,10,296.0,477.0,58.0,76.0,1,1,0
164,27,862.0,514.0,11.0,18.0,1,1,0
165,4,102.56,508.0,79.44,22.0,1,4,0
165,7,176.12,506.25,91.38,22.75,1,4,0
165,14,18.69,501.5,80.88,26.0,1,4,0
165,20,862.0,512.5,10.0,17.0,1,1,0
165,30,794.0,510.75,10.0,18.25,1,1,0
165,31,816.0,510.75,11.0,18.25,1,1,0
165,22,888.5,512.5,11.0,18.0,1,1,0
165,32,777.5,511.25,11.0,17.75,1,1,0
165,10,276.5,468.5,58.5,80.0,1,1,0
165,27,851.0,511.5,11.0,18.0,1,1,0
166,4,86.0,507.0,79.0,22.0,1,4,0
166,7,162.25,507.0,81.0,21.0,1,4,0
166,14,0.91,500.25,82.22,25.75,1,4,0
166,20,852.5,510.0,11.0,18.0,1,1,0
166,30,783.5,509.0,12.0,17.0,1,1,0
166,31,808.5,509.0,12.0,18.0,1,1,0
166,22,880.5,509.5,11.0,18.0,1,1,0
166,32,767.5,510.25,11.0,16.75,1,1,0
166,27,841.0,510.25,11.0,17.25,1,1,0
167,4,73.31,513.0,76.69,22.0,1,4,0
167,7,150.25,513.5,79.25,22.0,1,4,0
167,14,1.75,505.25,68.88,29.75,1,4,0
167,20,846.0,515.0,11.0,20.0,1,1,0
167,30,777.5,514.0,11.0,20.0,1,1,0
167,31,802.0,515.0,12.0,19.0,1,1,0
167,22,875.0,514.5,12.0,20.0,1,1,0
167,32,759.0,514.0,11.0,20.0,1,1,0
167,27,835.0,514.5,12.0,19.0,1,1,0
167,10,244.5,477.0,60.0,78.0,1,1,0
168,4,68.38,515.5,76.75,22.0,1,4,0
168,7,146.0,516.0,78.0,21.0,1,4,0
168,14,0.61,508.75,63.52,29.75,1,4,0
168,20,835.0,516.5,11.0,19.0,1,1,0
168,30,757.5,516.0,11.0,19.0,1,1,0
168,31,801.0,516.0,11.0,20.0,1,1,0
168,22,873.5,516.0,12.0,19.0,1,1,0
168,32,776.5,516.5,10.0,19.0,1,1,0
168,27,846.5,516.5,10.0,19.0,1,1,0
168,10,236.38,477.5,59.38,78.0,1,1,0
169,4,63.28,511.75,80.34,22.25,1,4,0
169,7,139.75,512.0,83.25,22.0,1,4,0
169,14,0.39,505.25,58.92,29.25,1,4,0
169,20,850.5,512.5,11.0,19.0,1,1,0
169,30,806.0,512.0,12.0,18.0,1,1,0
169,31,778.5,512.5,11.0,19.0,1,1,0
169,22,878.0,513.5,11.0,17.0,1,1,0
169,32,761.0,513.0,12.0,17.0,1,1,0
169,27,836.5,512.5,13.0,19.0,1,1,0
169,10,229.62,479.5,61.62,75.0,1,1,0
170,4,59.72,512.5,78.91,22.0,1,4,0
170,7,137.5,511.25,88.5,22.25,1,4,0
170,14,-0.0,506.75,55.25,27.25,1,4,0
170,20,839.0,512.5,12.0,18.0,1,1,0
170,30,807.5,512.0,11.0,18.0,1,1,0
170,31,762.5,512.5,11.0,18.0,1,1,0
170,22,879.5,512.0,11.0,19.0,1,1,0
170,32,780.5,511.75,11.0,18.25,1,1,0
170,27,853.5,511.5,10.0,18.0,1,1,0
170,10,219.25,481.0,65.0,72.0,1,1,0
171,4,57.09,515.0,79.03,22.0,1,4,0
171,7,136.62,515.0,80.75,22.0,1,4,0
171,14,0.0,508.0,53.62,29.0,1,4,0
171,20,812.5,514.5,11.0,19.0,1,1,0
171,30,785.5,515.0,11.0,19.0,1,1,0
171,22,858.0,514.5,12.0,17.0,1,1,0
171,32,766.0,514.5,12.0,19.0,1,1,0
171,27,844.0,515.0,13.0,17.0,1,1,0
171,10,215.5,481.25,66.0,75.75,1,1,0
172,4,61.78,510.75,80.09,22.25,1,4,0
172,7,138.25,510.5,85.25,22.0,1,4,0
172,14,0.55,502.5,57.02,31.0,1,4,0
172,20,796.0,510.75,11.0,18.75,1,1,0
172,30,779.0,511.25,13.0,18.25,1,1,0
172,22,853.5,511.0,13.0,19.0,1,1,0
172,32,868.5,510.5,13.0,19.0,1,1,0
172,27,897.0,510.5,14.0,18.0,1,1,0
172,31,823.5,511.0,13.0,18.0,1,1,0
173,4,71.12,513.0,81.12,22.0,1,4,0
173,7,151.5,511.75,83.75,22.75,1,4,0
173,14,0.16,507.0,66.47,28.0,1,4,0
173,20,795.0,508.25,11.0,17.75,1,1,0
173,30,635.0,510.0,17.0,19.0,1,1,0
173,22,842.5,509.25,11.0,16.75,1,1,0
173,32,871.5,508.5,10.0,16.0,1,1,0
173,27,892.0,507.5,10.0,17.0,1,1,0
173,31,812.5,509.0,11.0,17.0,1,1,0
173,10,217.5,487.25,76.0,67.75,1,1,0
174,4,87.88,514.0,78.25,22.0,1,4,0
174,7,166.25,513.0,82.25,22.0,1,4,0
174,14,0.31,506.5,81.62,28.0,1,4,0
174,22,835.5,511.0,11.0,17.0,1,1,0
174,32,865.5,510.75,11.0,16.75,1,1,0
174,27,892.5,510.75,12.0,16.75,1,1,0
174,31,815.0,510.25,12.0,17.75,1,1,0
174,40,940.0,510.75,12.0,16.25,1,1,0
174,10,228.38,489.0,77.62,67.0,1,1,0
175,4,110.25,517.0,79.0,23.0,1,4,0
175,7,190.75,516.0,83.5,22.0,1,4,0
175,14,20.19,512.5,84.38,28.0,1,4,0
175,22,933.0,511.0,10.0,18.0,1,1,0
175,32,864.5,512.0,11.0,17.0,1,1,0
175,27,894.5,511.75,11.0,17.75,1,1,0
175,31,921.0,511.0,12.0,17.0,1,1,0
175,40,946.0,511.0,11.0,17.0,1,1,0
175,10,243.75,478.5,88.5,82.0,1,1,0
175,20,845.5,512.5,13.0,17.0,1,1,0
176,4,138.5,514.5,80.0,22.0,1,4,0
176,7,219.25,513.5,87.5,23.0,1,4,0
176,14,42.88,507.75,88.75,27.75,1,4,0
176,22,1005.5,511.25,14.0,16.75,1,1,0
176,32,970.0,511.5,11.0,17.0,1,1,0
176,27,899.0,510.25,12.0,17.25,1,1,0
176,31,931.0,511.75,11.0,18.25,1,1,0
176,40,956.5,511.75,12.0,16.75,1,1,0
176,10,268.0,489.0,91.0,69.0,1,1,0
176,20,880.5,511.25,12.0,17.25,1,1,0
177,4,171.5,512.5,80.25,23.0,1,4,0
177,7,252.75,512.0,84.0,24.0,1,4,0
177,14,77.25,506.25,86.88,28.25,1,4,0
177,22,1013.0,512.0,10.0,19.0,1,1,0
177,32,995.0,512.5,11.0,17.0,1,1,0
177,27,919.5,513.0,11.0,18.0,1,1,0
177,31,939.0,511.25,12.0,18.75,1,1,0
177,40,971.0,511.5,11.0,19.0,1,1,0
177,10,295.5,488.75,97.5,69.25,1,1,0
177,20,764.5,513.0,13.0,16.0,1,1,0
178,4,203.12,509.75,80.38,22.75,1,4,0
178,7,285.0,510.0,83.5,23.0,1,4,0
178,14,112.25,503.0,83.75,27.0,1,4,0
178,22,1035.0,516.5,12.0,18.0,1,1,0
178,32,1012.0,517.0,12.0,18.0,1,1,0
178,27,804.0,515.0,13.0,18.0,1,1,0
178,31,960.0,516.0,12.0,19.0,1,1,0
178,40,978.5,515.5,13.0,20.0,1,1,0
178,10,327.0,467.5,99.0,89.0,1,1,0
178,20,754.0,516.5,13.0,17.0,1,1,0
178,42,1055.0,517.0,10.0,19.0,1,1,0
179,4,239.62,509.75,79.88,22.25,1,4,0
179,7,324.5,510.75,77.0,22.25,1,4,0
179,14,145.38,503.25,87.75,27.25,1,4,0
179,22,1100.0,517.0,12.0,20.0,1,1,0
179,32,1022.0,516.5,12.0,17.0,1,1,0
179,27,847.0,516.0,12.0,16.0,1,1,0
179,31,1004.0,516.5,13.0,17.0,1,1,0
179,40,1080.0,517.0,10.0,19.0,1,1,0
179,20,821.5,514.0,19.0,21.0,1,1,0
179,42,1056.0,517.5,12.0,18.0,1,1,0
179,43,1112.0,517.0,12.0,17.0,1,1,0
180,4,273.0,508.75,81.5,22.75,1,4,0
180,7,360.75,508.75,83.0,22.75,1,4,0
180,14,179.12,503.25,86.38,25.75,1,4,0
180,22,1120.0,513.5,10.0,18.0,1,1,0
180,32,1045.0,513.0,12.0,18.0,1,1,0
180,27,886.0,513.0,13.0,16.0,1,1,0
180,31,1139.0,513.0,12.0,20.0,1,1,0
180,40,1099.0,513.5,12.0,18.0,1,1,0
180,42,1062.0,512.5,12.0,19.0,1,1,0
180,43,1152.0,512.5,12.0,18.0,1,1,0
180,44,374.25,511.0,126.0,43.0,1,4,0
180,45,1175.0,513.5,12.0,19.0,1,1,0
181,4,304.0,497.25,82.5,22.75,1,4,0
181,7,391.25,498.0,92.5,24.0,1,4,0
181,14,212.62,490.25,85.12,26.25,1,4,0
181,22,1139.0,510.75,12.0,17.75,1,1,0
181,32,1083.0,510.0,14.0,17.0,1,1,0
181,27,923.5,509.25,13.0,15.25,1,1,0
181,31,1191.0,512.5,12.0,18.0,1,1,0
181,40,1155.0,512.5,12.0,17.0,1,1,0
181,42,1100.0,511.0,12.0,19.0,1,1,0
181,43,1179.0,513.0,12.0,19.0,1,1,0
181,44,400.0,498.5,133.0,47.0,1,4,0
181,45,1215.0,512.5,12.0,20.0,1,1,0
182,4,335.25,499.25,84.5,22.75,1,4,0
182,7,421.25,501.25,84.5,22.75,1,4,0
182,14,242.38,492.0,85.12,25.5,1,4,0
182,22,1252.0,517.5,12.0,18.0,1,1,0
182,32,1136.0,514.0,12.0,20.0,1,1,0
182,27,958.5,513.5,12.0,16.0,1,1,0
182,31,1217.0,517.0,12.0,20.0,1,1,0
182,40,1176.0,515.5,12.0,18.0,1,1,0
182,42,1119.0,514.5,14.0,19.0,1,1,0
182,43,1193.0,516.0,12.0,18.0,1,1,0
182,44,434.0,498.5,135.0,51.0,1,4,0
182,45,1230.0,516.5,12.0,18.0,1,1,0
183,4,358.0,501.0,82.5,23.0,1,4,0
183,7,442.5,501.0,91.5,23.0,1,4,0
183,14,264.5,492.5,85.0,26.5,1,4,0
183,22,1285.0,519.0,12.0,19.0,1,1,0
183,32,1166.0,515.0,12.0,19.0,1,1,0
183,27,952.5,510.25,20.0,21.75,1,1,0
183,40,1209.0,516.5,12.0,18.0,1,1,0
183,42,1150.0,514.5,14.0,18.0,1,1,0
183,43,1224.0,518.0,10.0,16.0,1,1,0
183,44,456.75,513.0,138.75,38.0,1,4,0
183,20,938.0,509.5,19.0,22.0,1,1,0
184,4,377.0,506.5,83.0,23.0,1,4,0
184,7,464.0,506.25,91.0,23.75,1,4,0
184,14,292.75,502.0,75.5,24.0,1,4,0
184,32,1193.0,516.5,12.0,19.0,1,1,0
184,27,966.0,511.5,21.0,23.0,1,1,0
184,40,1237.0,517.0,12.0,20.0,1,1,0
184,42,1178.0,517.0,12.0,18.0,1,1,0
184,43,1248.0,519.0,12.0,19.0,1,1,0
184,44,471.75,506.75,146.25,50.25,1,4,0
184,46,1015.0,516.0,12.0,18.0,1,1,0
184,20,947.5,515.0,12.0,19.0,1,1,0
184,31,1280.0,518.5,14.0,19.0,1,1,0
185,4,390.25,511.25,87.5,23.75,1,4,0
185,7,479.5,509.5,92.0,24.0,1,4,0
185,14,293.75,504.75,87.0,25.25,1,4,0
185,32,1212.0,520.5,12.0,18.0,1,1,0
185,27,984.0,514.5,15.0,23.0,1,1,0
185,40,1259.0,521.0,12.0,18.0,1,1,0
185,42,1198.0,520.5,12.0,19.0,1,1,0
185,43,1270.0,521.0,10.0,17.0,1,1,0
185,44,483.25,508.25,151.75,52.75,1,4,0
185,46,1034.0,520.5,12.0,17.0,1,1,0
185,20,964.0,516.5,11.0,21.0,1,1,0
185,31,1313.0,521.5,12.0,21.0,1,1,0
186,4,395.75,507.5,88.5,24.0,1,4,0
186,7,483.5,506.5,92.0,24.0,1,4,0
186,14,312.5,500.0,74.0,27.0,1,4,0
186,32,1225.0,519.0,12.0,20.0,1,1,0
186,40,1284.0,520.5,10.0,17.0,1,1,0
186,42,1210.0,518.0,14.0,19.0,1,1,0
186,43,1273.0,519.0,12.0,21.0,1,1,0
186,44,493.5,504.75,152.0,53.75,1,4,0
186,46,1046.0,518.0,12.0,16.0,1,1,0
186,20,972.0,510.0,12.0,26.0,1,1,0
186,31,1342.0,520.5,14.0,20.0,1,1,0
186,45,1309.0,520.0,18.0,20.0,1,1,0
186,22,1326.0,520.5,12.0,20.0,1,1,0
187,4,396.0,506.0,94.0,24.0,1,4,0
187,7,491.0,505.25,87.0,23.75,1,4,0
187,14,302.25,502.75,85.5,23.25,1,4,0
187,32,1218.0,518.5,12.0,21.0,1,1,0
187,40,1323.0,521.5,12.0,21.0,1,1,0
187,42,1234.0,520.0,12.0,20.0,1,1,0
187,43,1282.0,521.0,12.0,20.0,1,1,0
187,44,495.5,504.5,153.0,54.0,1,4,0
187,46,1051.0,518.0,12.0,17.0,1,1,0
187,20,976.0,513.5,11.0,22.0,1,1,0
187,45,1334.0,521.5,12.0,21.0,1,1,0
187,22,1353.0,521.5,12.0,21.0,1,1,0
187,27,1008.5,515.0,16.5,21.0,1,1,0
188,4,393.0,509.25,95.0,23.75,1,4,0
188,7,485.25,509.75,86.25,22.75,1,4,0
188,14,299.75,501.75,84.5,27.25,1,4,0
188,32,1237.0,522.5,12.0,22.0,1,1,0
188,40,1330.0,523.5,10.0,22.0,1,1,0
188,42,1221.0,521.5,12.0,22.0,1,1,0
188,43,1288.0,524.0,14.0,21.0,1,1,0
188,44,494.25,503.5,157.75,59.0,1,4,0
188,46,1053.0,520.0,12.0,19.0,1,1,0
188,20,978.5,516.5,11.0,23.0,1,1,0
188,45,1358.0,525.0,12.0,21.0,1,1,0
188,22,1339.0,524.5,12.0,21.0,1,1,0
188,27,1012.5,519.5,14.5,19.0,1,1,0
189,4,385.25,508.0,94.0,24.0,1,4,0
189,7,478.25,508.75,92.25,23.75,1,4,0
189,14,286.0,500.75,90.0,26.75,1,4,0
189,32,1222.0,520.5,12.0,21.0,1,1,0
189,40,1331.0,523.5,12.0,20.0,1,1,0
189,42,1237.0,521.0,12.0,21.0,1,1,0
189,43,1288.0,521.5,12.0,21.0,1,1,0
189,44,489.0,512.5,160.0,51.0,1,4,0
189,46,1051.0,519.0,12.0,17.0,1,1,0
189,20,999.0,515.0,21.0,23.0,1,1,0
189,45,1343.0,522.0,10.0,22.0,1,1,0
189,22,1360.0,523.0,10.0,20.0,1,1,0
189,27,1015.0,518.0,11.0,18.0,1,1,0
190,4,374.25,510.75,95.0,23.75,1,4,0
190,7,467.25,509.25,94.25,24.75,1,4,0
190,14,277.0,503.25,89.0,28.25,1,4,0
190,32,1237.0,522.0,12.0,22.0,1,1,0
190,40,1331.0,523.5,10.0,22.0,1,1,0
190,42,1221.0,520.5,12.0,22.0,1,1,0
190,43,1285.0,523.0,14.0,21.0,1,1,0
190,44,481.75,516.0,162.25,50.0,1,4,0
190,46,1045.0,521.0,12.0,18.0,1,1,0
190,20,1014.5,519.0,10.5,19.0,1,1,0
190,45,1358.0,524.0,12.0,21.0,1,1,0
190,22,1341.0,523.0,12.0,23.0,1,1,0
190,27,991.5,517.5,24.0,23.0,1,1,0
191,4,362.5,504.5,98.0,24.0,1,4,0
191,7,461.75,505.75,84.75,23.75,1,4,0
191,14,266.0,497.5,87.0,26.5,1,4,0
191,32,1217.0,517.0,12.0,22.0,1,1,0
191,40,1353.0,519.5,14.0,22.0,1,1,0
191,42,1232.0,517.5,12.0,22.0,1,1,0
191,43,1282.0,517.5,16.0,21.0,1,1,0
191,44,470.5,508.5,167.0,53.0,1,4,0
191,46,1037.0,517.5,10.0,17.0,1,1,0
191,20,979.5,509.25,24.0,25.25,1,1,0
191,45,1338.0,519.0,12.0,22.0,1,1,0
191,22,1328.0,519.5,12.0,22.0,1,1,0
191,27,1008.5,515.5,11.0,17.0,1,1,0
192,4,345.5,501.75,98.0,24.25,1,4,0
192,7,444.5,503.25,82.0,23.25,1,4,0
192,14,249.5,493.5,87.0,29.0,1,4,0
192,32,1223.0,512.5,12.0,22.0,1,1,0
192,40,1329.0,513.5,12.0,22.0,1,1,0
192,42,1208.0,512.0,12.0,21.0,1,1,0
192,43,1270.0,512.5,20.0,22.0,1,1,0
192,44,454.0,508.5,172.0,50.0,1,4,0
192,46,997.5,513.0,10.0,16.0,1,1,0
192,20,970.5,509.75,20.0,20.25,1,1,0
192,45,1318.0,514.0,12.0,21.0,1,1,0
192,22,1344.0,515.0,12.0,20.0,1,1,0
192,27,1023.5,511.25,11.5,16.25,1,1,0
193,4,327.75,502.75,99.0,24.25,1,4,0
193,7,430.0,504.0,87.0,23.0,1,4,0
193,14,228.0,495.0,89.0,29.5,1,4,0
193,32,1199.0,512.0,12.0,21.0,1,1,0
193,40,1334.0,513.5,14.0,22.0,1,1,0
193,42,1213.0,512.0,12.0,22.0,1,1,0
193,43,1270.0,513.0,12.0,21.0,1,1,0
193,44,440.5,514.0,170.0,46.0,1,4,0
193,46,955.0,508.5,23.0,22.0,1,1,0
193,20,984.0,513.0,9.0,17.0,1,1,0
193,45,1314.0,512.5,16.0,23.0,1,1,0
193,22,1258.0,514.0,10.0,18.0,1,1,0
193,27,1010.0,511.75,11.0,17.75,1,1,0
194,4,308.25,510.0,97.5,25.0,1,4,0
194,7,404.75,511.75,82.5,23.25,1,4,0
194,14,207.0,501.75,92.0,31.25,1,4,0
194,32,1200.0,520.5,14.0,22.0,1,1,0
194,40,1304.0,521.5,16.0,22.0,1,1,0
194,42,1187.0,520.0,14.0,22.0,1,1,0
194,43,1244.0,521.5,10.0,20.0,1,1,0
194,44,425.25,519.0,169.25,52.0,1,4,0
194,46,945.0,517.5,20.0,20.0,1,1,0
194,20,993.5,519.5,12.0,19.0,1,1,0
194,45,1321.0,522.5,14.0,22.0,1,1,0
194,22,1257.0,521.0,14.0,22.0,1,1,0
194,27,912.0,515.5,13.0,22.0,1,1,0
195,4,290.5,506.5,98.5,25.0,1,4,0
195,7,390.25,507.25,96.5,25.75,1,4,0
195,14,194.62,499.25,86.38,28.25,1,4,0
195,32,1179.0,517.0,12.0,22.0,1,1,0
195,40,1315.0,519.0,12.0,22.0,1,1,0
195,42,1193.0,517.0,12.0,21.0,1,1,0
195,43,1252.0,518.0,12.0,22.0,1,1,0
195,44,412.5,519.0,170.5,49.0,1,4,0
195,46,934.0,514.0,15.0,19.0,1,1,0
195,20,981.0,515.5,14.0,18.0,1,1,0
195,45,1296.0,517.0,18.0,23.0,1,1,0
195,22,1233.0,519.0,12.0,20.0,1,1,0
195,27,896.5,511.5,17.0,24.0,1,1,0
196,4,279.75,513.0,100.5,24.0,1,4,0
196,7,382.0,512.5,88.0,24.0,1,4,0
196,14,179.75,505.5,89.0,29.0,1,4,0
196,32,1176.0,515.0,12.0,22.0,1,1,0
196,40,1312.0,516.5,12.0,22.0,1,1,0
196,42,1190.0,515.0,12.0,21.0,1,1,0
196,43,1250.0,516.0,12.0,22.0,1,1,0
196,44,410.75,519.5,165.75,52.0,1,4,0
196,46,913.0,512.0,15.0,23.0,1,1,0
196,20,974.5,514.5,13.0,20.0,1,1,0
196,45,1295.0,515.0,16.0,23.0,1,1,0
196,22,1228.0,516.0,12.0,20.0,1,1,0
196,27,891.0,516.5,14.0,20.0,1,1,0
197,4,274.0,512.5,102.5,25.0,1,4,0
197,7,376.0,512.5,93.0,24.0,1,4,0
197,14,176.0,504.25,88.5,30.25,1,4,0
197,32,1178.0,515.0,12.0,22.0,1,1,0
197,40,1314.0,517.0,12.0,22.0,1,1,0
197,42,1191.0,515.0,12.0,22.0,1,1,0
197,43,1251.0,516.0,14.0,23.0,1,1,0
197,44,408.0,525.5,167.5,48.0,1,4,0
197,46,913.0,513.0,18.0,23.0,1,1,0
197,20,973.5,515.5,13.0,20.0,1,1,0
197,45,1298.0,515.5,14.0,22.0,1,1,0
197,22,1229.0,516.5,12.0,21.0,1,1,0
197,27,887.0,512.5,17.0,23.0,1,1,0
198,4,273.0,509.75,104.0,25.75,1,4,0
198,7,377.25,510.0,88.0,24.0,1,4,0
198,14,176.12,502.0,87.38,31.0,1,4,0
198,32,1187.0,512.5,12.0,22.0,1,1,0
198,40,1321.0,513.5,14.0,21.0,1,1,0
198,42,1198.0,513.0,14.0,22.0,1,1,0
198,43,1261.0,514.0,14.0,21.0,1,1,0
198,44,409.5,520.5,173.0,51.0,1,4,0
198,46,920.0,511.0,18.0,22.0,1,1,0
198,20,977.0,512.5,12.0,19.0,1,1,0
198,45,1306.0,512.0,16.0,24.0,1,1,0
198,22,1235.0,514.0,14.0,19.0,1,1,0
198,27,888.0,510.0,21.0,23.0,1,1,0
199,4,276.0,509.5,104.5,26.0,1,4,0
199,7,383.25,508.5,95.5,26.0,1,4,0
199,14,181.62,502.0,84.12,31.0,1,4,0
199,32,1212.0,515.5,12.0,20.0,1,1,0
199,40,1337.0,516.0,12.0,22.0,1,1,0
199,42,1200.0,514.0,12.0,22.0,1,1,0
199,43,1276.0,515.5,14.0,22.0,1,1,0
199,44,413.5,405.75,179.0,169.75,1,4,0
199,46,906.0,511.5,13.0,21.0,1,1,0
199,20,987.0,514.5,12.0,19.0,1,1,0
199,45,1320.0,514.0,16.0,24.0,1,1,0
199,22,1247.0,515.5,14.0,20.0,1,1,0
199,27,891.0,518.5,10.0,17.0,1,1,0
199,50,928.0,513.0,20.0,22.0,1,1,0
200,4,281.5,512.0,105.0,26.0,1,4,0
200,7,387.75,512.5,94.0,25.0,1,4,0
200,14,191.0,504.0,80.0,30.0,1,4,0
200,32,1216.0,517.5,12.0,22.0,1,1,0
200,40,1351.0,518.5,12.0,22.0,1,1,0
200,42,1227.0,517.5,12.0,22.0,1,1,0
200,44,425.0,384.25,181.0,194.75,1,4,0
200,46,898.5,516.0,11.0,20.0,1,1,0
200,20,997.0,517.5,12.0,18.0,1,1,0
200,45,1335.0,517.0,16.0,23.0,1,1,0
200,22,1258.0,518.5,14.0,20.0,1,1,0
200,27,965.5,516.5,14.0,19.0,1,1,0
200,50,917.5,516.5,12.0,20.0,1,1,0
201,4,290.75,508.0,104.5,26.0,1,4,0
201,7,398.0,509.0,90.0,25.0,1,4,0
201,14,189.0,499.5,91.5,32.0,1,4,0
201,32,1244.0,513.0,14.0,22.0,1,1,0
201,40,1367.0,512.5,12.0,23.0,1,1,0
201,42,1233.0,512.0,12.0,22.0,1,1,0
201,46,932.5,515.0,11.0,17.0,1,1,0
201,20,1011.0,511.5,12.0,20.0,1,1,0
201,45,1353.0,512.0,14.0,24.0,1,1,0
201,22,1273.0,513.5,14.0,20.0,1,1,0
201,27,984.0,511.75,11.0,20.75,1,1,0
201,50,912.0,512.0,10.0,20.0,1,1,0
201,43,1311.0,512.0,16.0,24.0,1,1,0
202,4,302.25,509.0,106.0,26.0,1,4,0
202,7,409.5,510.25,92.0,24.25,1,4,0
202,14,196.0,501.75,96.75,31.25,1,4,0
202,32,1255.0,513.5,12.0,20.0,1,1,0
202,40,1375.0,513.5,14.0,23.0,1,1,0
202,42,1290.0,515.0,14.0,20.0,1,1,0
202,46,927.0,514.5,10.0,18.0,1,1,0
202,20,1029.0,513.0,12.0,19.0,1,1,0
202,45,1387.0,515.0,12.0,21.0,1,1,0
202,22,1267.0,514.0,12.0,21.0,1,1,0
202,27,1001.0,513.5,12.0,18.0,1,1,0
202,52,452.0,524.5,186.0,51.0,1,4,0
202,43,1332.0,514.0,14.0,23.0,1,1,0
203,4,313.5,509.0,110.5,26.0,1,4,0
203,7,424.5,510.5,90.5,24.0,1,4,0
203,14,211.75,501.75,93.5,30.75,1,4,0
203,32,1287.0,517.5,12.0,21.0,1,1,0
203,40,1408.0,518.5,12.0,22.0,1,1,0
203,42,1309.0,517.5,18.0,21.0,1,1,0
203,46,941.5,517.0,11.0,18.0,1,1,0
203,20,1048.0,515.5,12.0,19.0,1,1,0
203,45,1396.0,517.0,12.0,23.0,1,1,0
203,22,1277.0,517.0,12.0,22.0,1,1,0
203,27,1018.5,515.5,13.5,19.0,1,1,0
203,52,463.25,526.0,193.75,52.0,1,4,0
203,43,1356.0,517.5,14.0,23.0,1,1,0
203,54,981.5,525.5,24.0,11.0,1,5,0
204,4,330.0,509.0,109.5,27.0,1,4,0
204,7,440.25,510.5,93.75,25.0,1,4,0
204,14,231.5,501.0,89.0,31.0,1,4,0
204,32,1300.0,518.5,14.0,19.0,1,1,0
204,40,1419.0,519.5,14.0,23.0,1,1,0
204,42,1332.0,520.5,16.0,20.0,1,1,0
204,46,960.0,514.5,12.0,22.0,1,1,0
204,20,1068.0,517.5,12.0,19.0,1,1,0
204,45,1430.0,520.5,12.0,21.0,1,1,0
204,22,1313.0,518.5,12.0,19.0,1,1,0
204,27,1039.0,517.0,12.0,20.0,1,1,0
204,52,485.0,526.0,193.0,54.0,1,4,0
204,43,1382.0,519.0,14.0,23.0,1,1,0
204,54,1001.5,527.0,22.0,11.0,1,5,0
204,44,480.5,432.5,197.0,149.0,1,4,0
205,4,341.25,511.75,110.0,26.25,1,4,0
205,7,453.25,513.0,93.75,25.0,1,4,0
205,14,249.25,503.25,80.5,31.25,1,4,0
205,32,1336.0,517.5,12.0,20.0,1,1,0
205,40,1449.0,519.5,14.0,23.0,1,1,0
205,42,1351.0,519.5,16.0,20.0,1,1,0
205,46,1001.0,520.5,11.0,17.0,1,1,0
205,20,1086.0,517.0,12.0,20.0,1,1,0
205,45,1440.0,519.0,12.0,22.0,1,1,0
205,22,1324.0,518.5,14.0,21.0,1,1,0
205,27,1041.0,517.5,14.0,17.0,1,1,0
205,52,487.25,521.5,209.75,60.0,1,4,0
205,43,1405.0,519.0,14.0,22.0,1,1,0
205,44,490.75,431.5,206.25,150.0,1,4,0
205,50,977.0,515.5,12.0,21.0,1,1,0
206,4,344.0,512.5,111.5,27.0,1,4,0
206,7,457.25,513.0,92.75,25.0,1,4,0
206,14,239.75,503.25,94.0,32.25,1,4,0
206,32,1346.0,513.5,10.0,22.0,1,1,0
206,42,1364.0,514.0,14.0,22.0,1,1,0
206,46,1007.5,515.0,12.0,19.0,1,1,0
206,20,1094.0,513.0,10.0,21.0,1,1,0
206,45,1453.0,513.5,18.0,23.0,1,1,0
206,22,1334.0,514.0,14.0,22.0,1,1,0
206,27,1047.0,513.5,12.0,20.0,1,1,0
206,52,495.5,524.0,207.0,59.0,1,4,0
206,43,1417.0,513.0,14.0,23.0,1,1,0
206,44,493.5,455.5,212.0,137.0,1,4,0
206,55,1025.0,512.0,22.0,23.0,1,1,0
206,50,983.5,511.0,12.0,23.0,1,1,0
207,4,334.25,506.25,111.5,27.25,1,4,0
207,7,449.5,507.25,93.5,25.75,1,4,0
207,14,242.25,497.25,80.5,32.75,1,4,0
207,32,1363.0,514.0,14.0,22.0,1,1,0
207,42,1348.0,514.5,10.0,21.0,1,1,0
207,46,1003.5,516.0,10.0,16.0,1,1,0
207,20,1089.0,512.5,12.0,20.0,1,1,0
207,45,1453.0,514.5,18.0,24.0,1,1,0
207,22,1336.0,513.5,14.0,23.0,1,1,0
207,27,1066.0,512.0,12.0,20.0,1,1,0
207,43,1418.0,514.5,14.0,23.0,1,1,0
207,44,518.0,423.75,186.0,158.25,1,4,0
207,55,1019.0,512.0,26.0,21.0,1,1,0
207,50,980.0,513.5,11.0,19.0,1,1,0
207,54,1017.5,521.0,25.5,13.0,1,5,0
208,4,316.0,503.5,114.5,27.0,1,4,0
208,7,432.25,505.0,96.25,25.0,1,4,0
208,14,216.38,492.75,90.12,33.25,1,4,0
208,42,1351.0,517.5,16.0,22.0,1,1,0
208,46,1039.0,513.0,12.0,19.0,1,1,0
208,20,1054.0,513.0,12.0,20.0,1,1,0
208,45,1448.0,518.5,18.0,22.0,1,1,0
208,22,1330.0,516.0,18.0,23.0,1,1,0
208,27,1078.0,514.5,10.0,19.0,1,1,0
208,43,1412.0,518.0,14.0,23.0,1,1,0
208,44,486.0,398.75,205.0,180.25,1,4,0
208,55,1025.0,512.5,14.0,20.0,1,1,0
208,50,967.5,514.5,11.0,18.0,1,1,0
208,56,1.0,558.5,119.75,88.0,1,5,0
208,54,1005.5,516.5,22.5,18.0,1,5,0
209,4,297.5,501.75,109.0,26.75,1,4,0
209,7,408.5,503.75,100.5,24.25,1,4,0
209,14,196.25,491.0,86.0,34.0,1,4,0
209,42,1316.0,516.0,18.0,22.0,1,1,0
209,46,1036.0,513.0,12.0,20.0,1,1,0
209,20,1058.0,515.5,10.0,16.0,1,1,0
209,22,1339.0,518.5,14.0,22.0,1,1,0
209,27,1008.0,513.0,13.0,19.0,1,1,0
209,43,1433.0,518.5,18.0,23.0,1,1,0
209,44,469.5,494.0,190.0,87.0,1,4,0
209,55,1021.5,512.5,11.5,19.0,1,1,0
209,50,969.0,518.5,10.0,13.0,1,1,0
209,56,12.06,551.0,122.94,58.0,1,5,0
209,54,986.5,521.5,21.0,12.0,1,5,0
209,32,1398.0,517.5,16.0,25.0,1,1,0
209,52,468.25,523.5,204.75,55.0,1,4,0
210,4,269.75,500.5,107.5,27.0,1,4,0
210,7,379.25,502.75,101.0,24.25,1,4,0
210,14,170.62,490.25,82.0,33.75,1,4,0
210,42,1318.0,519.5,14.0,22.0,1,1,0
210,46,1033.0,514.0,12.0,20.0,1,1,0
210,20,996.0,512.5,11.0,22.0,1,1,0
210,22,1295.0,517.5,18.0,23.0,1,1,0
210,27,1013.5,513.5,11.5,20.0,1,1,0
210,43,1380.0,519.0,14.0,24.0,1,1,0
210,55,982.0,512.5,13.0,22.0,1,1,0
210,50,943.5,517.5,10.0,15.0,1,1,0
210,56,29.66,547.5,109.84,67.0,1,5,0
210,57,921.5,518.0,10.0,15.0,1,1,0
210,32,1414.0,520.0,18.0,23.0,1,1,0
210,52,425.0,526.0,219.0,50.0,1,4,0
211,4,236.75,502.75,114.5,27.25,1,4,0
211,7,353.0,504.75,102.5,25.75,1,4,0
211,14,129.88,492.0,95.75,36.0,1,4,0
211,42,1277.0,516.5,18.0,24.0,1,1,0
211,46,961.5,514.0,12.0,19.0,1,1,0
211,20,990.5,513.0,11.0,21.0,1,1,0
211,22,1298.0,518.0,16.0,22.0,1,1,0
211,27,1010.0,513.5,12.0,20.0,1,1,0
211,43,1394.0,518.5,12.0,24.0,1,1,0
211,55,974.0,513.0,11.0,20.0,1,1,0
211,50,899.0,517.5,10.0,15.0,1,1,0
211,56,38.47,543.0,95.28,73.0,1,5,0
211,57,921.5,517.0,10.0,15.0,1,1,0
211,32,1367.0,517.5,14.0,25.0,1,1,0
211,45,1403.0,519.5,12.0,24.0,1,1,0
211,54,938.0,524.0,22.0,11.0,1,5,0
212,4,215.5,503.5,112.5,27.0,1,4,0
212,7,330.25,506.25,100.0,24.75,1,4,0
212,14,115.88,494.5,83.5,33.0,1,4,0
212,42,1281.0,519.0,16.0,22.0,1,1,0
212,46,953.0,514.5,13.0,21.0,1,1,0
212,20,988.0,515.0,12.0,20.0,1,1,0
212,22,1263.0,518.0,16.0,24.0,1,1,0
212,43,1349.0,520.5,14.0,22.0,1,1,0
212,55,968.0,515.5,12.0,20.0,1,1,0
212,50,874.5,513.0,12.0,21.0,1,1,0
212,56,42.69,546.0,92.06,66.0,1,5,0
212,57,899.0,518.0,12.0,17.0,1,1,0
212,32,1378.0,520.0,14.0,22.0,1,1,0
212,54,916.5,525.5,22.0,11.0,1,5,0
212,52,386.0,524.0,215.5,62.0,1,4,0
213,4,197.25,509.5,108.75,27.0,1,4,0
213,7,309.75,510.75,96.5,24.75,1,4,0
213,14,90.62,502.0,84.75,32.0,1,4,0
213,42,1253.0,516.5,14.0,24.0,1,1,0
213,46,951.0,515.5,11.0,20.0,1,1,0
213,20,971.5,515.5,12.0,20.0,1,1,0
213,22,1268.0,518.0,14.0,21.0,1,1,0
213,43,1336.0,517.5,14.0,24.0,1,1,0
213,55,916.0,514.0,19.0,22.0,1,1,0
213,50,855.0,514.5,13.0,20.0,1,1,0
213,56,52.91,545.5,98.84,60.0,1,5,0
213,57,898.0,521.5,22.0,16.0,1,1,0
213,32,1364.0,519.0,12.0,21.0,1,1,0
213,52,362.25,526.5,224.75,64.0,1,4,0
213,27,936.0,515.5,14.0,20.0,1,1,0
213,45,1374.0,518.5,12.0,24.0,1,1,0
214,4,182.25,511.0,104.5,27.0,1,4,0
214,7,293.0,511.5,97.5,25.0,1,4,0
214,14,71.0,502.75,84.75,31.25,1,4,0
214,42,1244.0,512.5,14.0,26.0,1,1,0
214,46,923.5,513.5,13.0,19.0,1,1,0
214,20,958.0,512.5,12.0,20.0,1,1,0
214,22,1259.0,513.5,12.0,22.0,1,1,0
214,43,1328.0,512.5,14.0,24.0,1,1,0
214,55,901.0,511.5,18.0,22.0,1,1,0
214,50,840.0,511.75,14.0,22.25,1,1,0
214,56,62.28,547.5,83.34,55.0,1,5,0
214,57,883.0,513.0,22.0,22.0,1,1,0
214,32,1366.0,513.5,12.0,24.0,1,1,0
214,52,350.0,508.75,215.0,83.25,1,4,0
214,27,936.0,513.0,12.0,21.0,1,1,0
214,45,1356.0,512.5,12.0,23.0,1,1,0
214,44,352.75,420.75,213.25,176.25,1,4,0
215,4,164.5,508.25,107.75,28.25,1,4,0
215,7,277.0,508.5,98.5,26.0,1,4,0
215,14,54.0,501.5,85.75,33.0,1,4,0
215,42,1240.0,506.5,12.0,25.0,1,1,0
215,46,913.5,508.5,12.0,20.0,1,1,0
215,20,947.5,509.0,11.0,19.0,1,1,0
215,22,1252.0,507.75,14.0,23.25,1,1,0
215,43,1325.0,506.5,14.0,25.0,1,1,0
215,55,894.0,507.0,16.0,21.0,1,1,0
215,50,829.5,505.75,14.0,24.75,1,1,0
215,56,72.25,542.0,85.25,54.0,1,5,0
215,57,854.5,513.5,10.0,17.0,1,1,0
215,32,1362.0,507.25,14.0,24.25,1,1,0
215,27,926.5,507.75,11.0,20.75,1,1,0
215,45,1349.0,507.5,14.0,25.0,1,1,0
215,58,1886.0,499.5,34.0,30.0,1,4,0
215,44,338.25,370.75,212.75,215.75,1,4,0
215,54,872.5,518.0,22.0,13.0,1,5,0
216,4,151.75,508.5,106.75,28.0,1,4,0
216,7,263.25,508.75,102.5,27.75,1,4,0
216,14,40.28,501.0,86.97,33.0,1,4,0
216,42,1229.0,510.25,18.0,26.25,1,1,0
216,46,903.5,512.0,11.0,20.0,1,1,0
216,20,938.5,511.25,11.0,20.25,1,1,0
216,22,1248.0,512.5,14.0,23.0,1,1,0
216,43,1320.0,512.5,14.0,24.0,1,1,0
216,55,887.5,511.5,14.0,22.0,1,1,0
216,50,821.0,509.5,14.0,23.0,1,1,0
216,56,81.38,541.5,80.38,54.0,1,5,0
216,57,844.5,511.25,13.0,21.75,1,1,0
216,32,1358.0,512.0,14.0,25.0,1,1,0
216,27,919.0,511.0,11.0,21.0,1,1,0
216,45,1343.0,512.0,14.0,24.0,1,1,0
216,58,1876.0,507.0,44.0,29.0,1,4,0
217,4,138.0,511.75,111.0,28.75,1,4,0
217,7,256.0,512.0,100.0,26.0,1,4,0
217,14,4.09,504.0,112.91,36.0,1,4,0
217,42,1231.0,513.5,16.0,25.0,1,1,0
217,46,898.0,513.5,12.0,22.0,1,1,0
217,20,934.0,514.5,10.0,21.0,1,1,0
217,22,1249.0,514.5,12.0,24.0,1,1,0
217,43,1320.0,515.0,14.0,25.0,1,1,0
217,55,858.5,515.0,24.0,22.0,1,1,0
217,50,818.0,512.0,14.0,24.0,1,1,0
217,56,96.5,543.0,80.0,47.0,1,5,0
217,57,840.0,513.0,14.0,22.0,1,1,0
217,32,1361.0,510.25,14.0,28.75,1,1,0
217,27,915.5,512.5,11.0,22.0,1,1,0
217,45,1345.0,514.0,14.0,24.0,1,1,0
217,58,1874.0,507.25,46.0,30.25,1,4,0
217,59,314.5,342.5,216.0,257.0,1,7,0
218,4,137.12,513.0,109.0,28.0,1,4,0
218,7,252.25,513.0,101.5,26.0,1,4,0
218,14,23.69,503.0,86.5,33.0,1,4,0
218,42,1240.0,514.5,12.0,25.0,1,1,0
218,46,897.0,514.0,12.0,23.0,1,1,0
218,20,931.5,513.5,11.0,22.0,1,1,0
218,22,1252.0,515.5,12.0,23.0,1,1,0
218,43,1324.0,515.5,14.0,24.0,1,1,0
218,55,838.5,515.5,14.0,22.0,1,1,0
218,50,817.5,513.0,15.0,25.0,1,1,0
218,56,113.19,542.5,77.06,48.0,1,5,0
218,57,886.0,514.5,11.0,23.0,1,1,0
218,32,1366.0,516.0,14.0,24.0,1,1,0
218,27,914.0,514.0,11.0,22.0,1,1,0
218,45,1349.0,515.5,14.0,25.0,1,1,0
218,58,1876.0,508.75,44.0,29.25,1,4,0
218,59,307.25,325.75,212.25,277.25,1,7,0
219,4,131.75,506.5,108.5,29.0,1,4,0
219,7,248.25,506.0,101.5,25.0,1,4,0
219,14,2.69,496.5,102.81,37.0,1,4,0
219,42,1236.0,508.25,12.0,22.75,1,1,0
219,46,897.5,507.0,13.0,23.0,1,1,0
219,20,930.5,506.0,13.0,23.0,1,1,0
219,22,1247.0,507.5,12.0,25.0,1,1,0
219,43,1334.0,508.75,16.0,24.75,1,1,0
219,55,821.0,505.0,14.0,25.0,1,1,0
219,50,838.5,513.0,9.0,16.0,1,1,0
219,56,127.94,535.5,71.56,47.0,1,5,0
219,57,881.5,505.75,15.0,23.25,1,1,0
219,32,1373.0,509.25,14.0,24.75,1,1,0
219,27,916.0,507.25,11.0,21.75,1,1,0
219,45,1353.0,509.25,16.0,24.75,1,1,0
219,58,1884.0,504.5,36.0,29.0,1,4,0
219,59,301.5,312.0,209.0,287.0,1,7,0
220,4,126.19,508.25,107.31,27.75,1,4,0
220,7,238.88,509.5,102.62,26.0,1,4,0
220,14,0.0,501.0,97.81,37.0,1,4,0
220,42,1239.0,513.0,12.0,24.0,1,1,0
220,46,894.5,510.25,14.0,23.75,1,1,0
220,20,929.0,510.25,13.0,23.75,1,1,0
220,22,1250.0,513.5,12.0,25.0,1,1,0
220,43,1339.0,514.5,18.0,24.0,1,1,0
220,55,854.5,509.5,22.0,26.0,1,1,0
220,50,821.5,507.75,15.0,26.25,1,1,0
220,56,139.38,537.5,67.25,46.0,1,5,0
220,57,879.0,510.25,15.0,22.25,1,1,0
220,32,1380.0,513.5,12.0,26.0,1,1,0
220,27,913.5,511.75,10.0,22.25,1,1,0
220,45,1360.0,511.5,12.0,26.0,1,1,0
220,58,1888.0,508.5,32.0,30.0,1,4,0
220,59,294.0,313.5,204.5,292.0,1,7,0
220,61,1261.0,514.0,12.0,23.0,1,1,0
221,4,115.38,510.5,108.75,26.0,1,4,0
221,7,235.0,511.5,100.0,26.0,1,4,0
221,14,0.0,501.0,88.0,39.0,1,4,0
221,42,1236.0,519.0,12.0,22.0,1,1,0
221,46,891.0,514.5,14.0,22.0,1,1,0
221,20,925.5,515.0,12.0,24.0,1,1,0
221,22,1249.0,517.0,14.0,26.0,1,1,0
221,43,1339.0,517.0,14.0,26.0,1,1,0
221,55,847.5,510.0,25.0,29.0,1,1,0
221,50,822.0,513.0,16.0,25.0,1,1,0
221,56,144.12,539.0,63.0,46.0,1,5,0
221,57,876.0,516.0,14.0,21.0,1,1,0
221,32,1381.0,519.5,12.0,25.0,1,1,0
221,27,908.5,516.0,12.0,22.0,1,1,0
221,45,1362.0,517.5,16.0,25.0,1,1,0
221,58,1888.0,513.0,32.0,30.0,1,4,0
221,59,283.5,314.5,202.0,299.0,1,7,0
221,61,1262.0,517.5,12.0,25.0,1,1,0
222,4,96.19,510.5,113.06,28.0,1,4,0
222,7,224.12,511.25,108.12,27.25,1,4,0
222,14,0.03,498.25,73.47,41.75,1,4,0
222,42,1228.0,521.0,14.0,23.0,1,1,0
222,46,882.5,519.5,14.0,20.0,1,1,0
222,20,919.5,518.0,12.0,22.0,1,1,0
222,22,1251.0,520.0,14.0,25.0,1,1,0
222,43,1337.0,520.0,16.0,26.0,1,1,0
222,55,838.5,513.0,24.0,28.0,1,1,0
222,50,815.0,515.0,16.0,25.0,1,1,0
222,56,144.88,538.0,61.25,43.0,1,5,0
222,57,868.0,521.5,11.0,18.0,1,1,0
222,32,1379.0,521.0,14.0,27.0,1,1,0
222,27,901.5,519.5,11.0,20.0,1,1,0
222,45,1361.0,521.0,14.0,25.0,1,1,0
222,58,1878.0,519.5,42.0,27.0,1,4,0
222,59,265.75,319.0,200.5,293.0,1,7,0
222,61,1262.0,521.5,10.0,23.0,1,1,0
223,4,87.75,506.75,107.0,28.75,1,4,0
223,7,207.25,508.0,100.0,27.0,1,4,0
223,14,0.17,494.75,51.77,41.25,1,4,0
223,42,1217.0,516.5,16.0,24.0,1,1,0
223,46,888.0,518.5,9.0,19.0,1,1,0
223,20,908.0,514.0,12.0,21.0,1,1,0
223,22,1244.0,516.5,18.0,25.0,1,1,0
223,43,1334.0,516.5,16.0,26.0,1,1,0
223,55,827.0,510.25,23.0,26.75,1,1,0
223,50,802.0,512.0,17.0,23.0,1,1,0
223,56,138.88,533.5,60.5,41.0,1,5,0
223,57,861.0,517.0,16.0,19.0,1,1,0
223,32,1377.0,518.5,14.0,26.0,1,1,0
223,45,1352.0,518.5,16.0,25.0,1,1,0
223,58,1870.0,515.0,50.0,29.0,1,4,0
223,59,243.88,445.5,198.13,159.0,1,7,0
223,44,241.88,383.25,202.62,245.25,1,4,0
224,4,63.19,502.25,114.56,31.25,1,4,0
224,7,190.38,503.5,102.62,28.0,1,4,0
224,14,0.08,492.25,35.36,42.25,1,4,0
224,42,1208.0,507.75,20.0,24.25,1,1,0
224,46,876.5,506.75,10.0,21.75,1,1,0
224,20,897.5,508.0,12.0,21.0,1,1,0
224,22,1238.0,507.25,18.0,26.75,1,1,0
224,43,1328.0,507.25,14.0,26.75,1,1,0
224,55,815.0,499.25,26.0,30.75,1,1,0
224,50,792.5,505.0,16.0,24.0,1,1,0
224,56,132.5,528.0,58.75,40.0,1,5,0
224,57,853.5,507.25,15.0,21.75,1,1,0
224,32,1373.0,510.25,12.0,25.75,1,1,0
224,45,1346.0,509.0,16.0,26.0,1,1,0
224,58,1860.0,505.75,60.0,28.75,1,4,0
224,59,232.38,435.75,185.13,168.25,1,7,0
225,4,52.28,499.75,113.22,30.75,1,4,0
225,7,182.25,498.75,101.25,29.25,1,4,0
225,14,-0.0,492.75,20.44,39.25,1,4,0
225,42,1202.0,500.0,20.0,24.0,1,1,0
225,46,867.5,499.0,12.0,23.0,1,1,0
225,20,889.5,500.75,11.0,21.25,1,1,0
225,22,1236.0,499.25,18.0,26.75,1,1,0
225,43,1323.0,498.75,16.0,29.25,1,1,0
225,55,805.5,492.75,25.0,31.25,1,1,0
225,50,785.5,498.0,18.0,25.5,1,1,0
225,56,128.25,525.5,56.5,37.0,1,5,0
225,57,851.0,501.0,12.0,20.5,1,1,0
225,32,1373.0,500.25,14.0,26.75,1,1,0
225,45,1346.0,500.75,14.0,24.25,1,1,0
225,58,1858.0,495.75,62.0,30.75,1,4,0
225,59,204.25,430.25,195.0,172.75,1,7,0
226,4,41.59,499.0,114.03,30.0,1,4,0
226,7,175.0,497.75,101.25,27.75,1,4,0
226,14,-0.0,494.25,10.14,36.75,1,4,0
226,42,1201.0,496.25,18.0,24.75,1,1,0
226,46,865.5,495.75,12.0,23.75,1,1,0
226,20,886.5,497.5,11.0,21.5,1,1,0
226,22,1236.0,496.5,18.0,26.0,1,1,0
226,43,1324.0,494.5,16.0,29.0,1,1,0
226,55,801.0,492.5,26.0,28.5,1,1,0
226,50,783.0,495.75,18.0,24.25,1,1,0
226,56,125.19,524.5,56.56,36.0,1,5,0
226,57,849.0,496.5,14.0,23.0,1,1,0
226,32,1375.0,497.75,14.0,25.75,1,1,0
226,45,1348.0,497.5,14.0,24.0,1,1,0
226,58,1856.0,493.0,64.0,29.0,1,4,0
226,59,188.0,373.5,192.5,239.5,1,7,0
227,4,31.66,510.25,117.72,31.75,1,4,0
227,7,164.88,510.25,100.38,27.25,1,4,0
227,42,1200.0,510.75,18.0,24.75,1,1,0
227,46,864.0,510.25,11.0,23.25,1,1,0
227,22,1237.0,510.75,18.0,24.75,1,1,0
227,43,1330.0,509.5,16.0,26.0,1,1,0
227,55,799.5,505.0,25.0,30.0,1,1,0
227,50,779.0,508.5,14.0,26.0,1,1,0
227,56,122.19,540.0,56.31,31.0,1,5,0
227,57,844.0,511.5,20.0,23.0,1,1,0
227,32,1377.0,509.0,12.0,29.0,1,1,0
227,45,1350.0,512.5,14.0,23.0,1,1,0
227,58,1854.0,505.75,66.0,28.75,1,4,0
227,27,882.0,511.5,12.0,22.0,1,1,0
227,52,157.12,476.0,139.38,78.0,1,4,0
227,44,173.5,366.5,189.0,256.0,1,4,0
227,61,1316.0,511.25,14.0,24.25,1,1,0
228,4,29.88,513.0,108.0,31.0,1,4,0
228,7,151.0,513.5,120.0,29.0,1,4,0
228,42,1198.0,513.5,18.0,25.0,1,1,0
228,46,861.0,513.5,10.0,22.0,1,1,0
228,22,1238.0,513.0,18.0,27.0,1,1,0
228,43,1331.0,513.5,16.0,26.0,1,1,0
228,55,792.5,509.5,29.0,28.0,1,1,0
228,50,773.0,511.25,19.0,24.25,1,1,0
228,56,117.31,543.5,52.19,33.0,1,5,0
228,57,847.0,513.5,13.0,22.0,1,1,0
228,32,1380.0,513.5,16.0,27.0,1,1,0
228,45,1350.0,514.0,14.0,25.0,1,1,0
228,58,1854.0,508.5,66.0,27.0,1,4,0
228,27,877.0,514.5,12.0,21.0,1,1,0
228,52,134.0,503.0,175.75,90.0,1,4,0
228,61,1311.0,514.5,16.0,24.0,1,1,0
229,4,11.97,515.0,109.16,32.0,1,4,0
229,7,135.25,512.5,122.75,31.0,1,4,0
229,42,1191.0,519.5,18.0,24.0,1,1,0
229,46,799.0,518.0,13.0,23.0,1,1,0
229,22,1235.0,519.0,16.0,26.0,1,1,0
229,43,1327.0,519.5,14.0,25.0,1,1,0
229,55,782.0,517.0,20.0,25.0,1,1,0
229,50,761.5,515.0,18.0,26.0,1,1,0
229,56,106.5,548.0,50.5,29.0,1,5,0
229,57,850.0,518.5,11.0,21.0,1,1,0
229,32,1376.0,515.0,14.0,30.0,1,1,0
229,45,1347.0,520.0,14.0,24.0,1,1,0
229,58,1850.0,513.5,70.0,29.0,1,4,0
229,27,866.0,522.0,10.0,18.0,1,1,0
229,52,126.25,502.5,183.0,127.0,1,4,0
229,61,1305.0,519.5,14.0,25.0,1,1,0
230,4,1.03,506.25,97.72,34.25,1,4,0
230,7,110.0,503.0,128.5,31.0,1,4,0
230,42,1178.0,516.0,16.0,25.0,1,1,0
230,46,784.0,511.75,12.0,23.25,1,1,0
230,22,1222.0,515.5,18.0,27.0,1,1,0
230,43,1336.0,517.0,14.0,26.0,1,1,0
230,55,763.5,511.5,24.0,26.0,1,1,0
230,50,741.5,510.0,19.0,26.0,1,1,0
230,56,87.0,541.5,46.0,24.0,1,5,0
230,57,833.5,513.5,11.0,23.0,1,1,0
230,32,1364.0,515.5,16.0,28.0,1,1,0
230,45,1288.0,513.5,16.0,29.0,1,1,0
230,58,1833.0,515.0,87.0,28.0,1,4,0
230,52,89.06,491.0,194.94,133.0,1,4,0
230,61,1315.0,515.5,14.0,27.0,1,1,0
231,4,0.22,511.0,68.53,33.0,1,4,0
231,7,75.5,509.75,132.0,31.75,1,4,0
231,42,1156.0,522.5,16.0,25.0,1,1,0
231,46,808.5,521.5,11.0,20.0,1,1,0
231,22,1201.0,522.5,20.0,27.0,1,1,0
231,43,1300.0,523.0,16.0,26.0,1,1,0
231,55,762.0,519.5,12.0,20.0,1,1,0
231,50,737.5,519.0,26.0,24.0,1,1,0
231,57,821.5,521.5,10.0,20.0,1,1,0
231,32,1350.0,524.0,16.0,27.0,1,1,0
231,45,1264.0,525.0,16.0,24.0,1,1,0
231,58,1815.0,522.0,92.0,28.0,1,4,0
231,52,44.06,475.75,196.44,152.25,1,4,0
231,61,1316.0,524.0,14.0,25.0,1,1,0
231,44,52.19,411.25,181.06,189.75,1,4,0
232,4,0.0,516.0,36.91,30.0,1,4,0
232,7,50.22,516.5,109.28,28.0,1,4,0
232,42,1131.0,523.5,16.0,26.0,1,1,0
232,46,791.0,522.5,12.0,23.0,1,1,0
232,22,1180.0,523.5,18.0,27.0,1,1,0
232,43,1294.0,525.0,14.0,25.0,1,1,0
232,55,687.0,519.0,20.0,26.0,1,1,0
232,50,708.5,522.0,27.0,24.0,1,1,0
232,32,1279.0,525.0,14.0,25.0,1,1,0
232,45,1238.0,525.0,16.0,25.0,1,1,0
232,58,1791.0,521.5,92.0,29.0,1,4,0
232,52,1.69,475.0,189.56,162.0,1,4,0
232,61,1327.0,524.0,14.0,28.0,1,1,0
232,44,10.81,390.75,166.69,256.25,1,4,0
233,7,16.38,515.5,109.0,30.0,1,4,0
233,42,1101.0,516.5,18.0,25.0,1,1,0
233,46,747.5,518.0,12.0,21.0,1,1,0
233,22,1156.0,516.0,16.0,26.0,1,1,0
233,43,1303.0,516.5,16.0,29.0,1,1,0
233,55,675.0,518.0,26.0,24.0,1,1,0
233,50,653.0,516.5,18.0,23.0,1,1,0
233,32,1268.0,517.0,16.0,27.0,1,1,0
233,45,1209.0,513.0,16.0,31.0,1,1,0
233,58,1762.0,511.5,94.0,29.0,1,4,0
233,52,0.0,499.75,141.5,138.75,1,4,0
233,61,1251.0,516.5,14.0,26.0,1,1,0
233,57,760.0,516.5,12.0,22.0,1,1,0
234,7,0.0,510.0,78.88,29.0,1,4,0
234,42,1066.0,505.0,18.0,26.0,1,1,0
234,46,707.5,507.75,13.0,23.75,1,1,0
234,22,1122.0,505.25,16.0,26.25,1,1,0
234,43,1217.0,505.0,14.0,26.0,1,1,0
234,55,672.0,512.5,10.0,19.0,1,1,0
234,50,635.5,503.75,28.0,29.75,1,1,0
234,32,1270.0,505.5,16.0,27.0,1,1,0
234,45,1172.0,502.5,16.0,30.0,1,1,0
234,58,1725.0,498.75,94.0,29.75,1,4,0
234,52,-0.0,493.5,81.44,142.0,1,4,0
234,61,1236.0,505.75,16.0,26.75,1,1,0
234,64,1841.0,510.0,64.0,20.0,1,4,0
234,57,721.0,507.75,13.0,22.25,1,1,0
235,7,1.28,502.75,58.59,28.25,1,4,0
235,42,1022.0,498.5,18.0,25.5,1,1,0
235,46,589.0,497.75,28.0,28.75,1,1,0
235,22,1082.0,498.25,16.0,26.75,1,1,0
235,43,1196.0,497.75,16.0,27.75,1,1,0
235,55,646.0,507.25,12.0,16.25,1,1,0
235,50,617.5,502.25,13.0,21.25,1,1,0
235,32,1179.0,497.75,16.0,27.75,1,1,0
235,45,1129.0,496.5,16.0,29.0,1,1,0
235,58,1683.0,491.75,94.0,28.75,1,4,0
235,61,1233.0,498.25,16.0,29.25,1,1,0
235,64,1801.0,504.75,70.0,18.75,1,4,0
235,57,674.5,502.25,12.0,22.25,1,1,0
235,65,569.0,499.0,15.0,26.0,1,1,0
236,42,972.0,511.25,19.0,27.75,1,1,0
236,46,590.0,513.5,11.0,22.0,1,1,0
236,22,1077.0,507.25,16.0,31.25,1,1,0
236,43,1186.0,509.75,16.0,29.25,1,1,0
236,55,622.0,514.0,10.0,23.0,1,1,0
236,50,607.5,513.0,11.0,24.0,1,1,0
236,32,1149.0,510.25,16.0,28.25,1,1,0
236,45,1030.0,511.25,18.0,27.75,1,1,0
236,58,1633.0,502.75,94.0,29.25,1,4,0
236,61,1132.0,510.5,16.0,30.0,1,1,0
236,64,1744.0,513.5,84.0,21.0,1,4,0
236,65,570.0,515.0,10.0,21.0,1,1,0
237,42,971.0,510.5,19.0,27.0,1,1,0
237,46,447.75,513.0,15.0,25.0,1,1,0
237,22,1071.0,508.75,16.0,28.25,1,1,0
237,32,1128.0,509.5,16.0,27.0,1,1,0
237,45,1013.0,509.25,17.0,27.75,1,1,0
237,58,1570.0,501.25,96.0,29.75,1,4,0
237,61,1093.0,510.5,14.0,27.0,1,1,0
237,64,1690.0,513.0,74.0,20.0,1,4,0
237,65,496.25,514.5,15.0,23.0,1,1,0
237,66,1801.0,502.0,104.0,32.0,1,4,0
237,27,908.5,510.25,20.0,26.25,1,1,0
238,42,937.0,507.75,16.0,28.25,1,1,0
238,46,420.25,515.5,12.5,22.0,1,1,0
238,22,1058.0,509.0,14.0,28.0,1,1,0
238,45,997.0,508.75,14.0,27.75,1,1,0
238,58,1493.0,499.5,98.0,30.0,1,4,0
238,61,1019.5,509.0,16.5,26.0,1,1,0
238,64,1617.0,511.0,78.0,20.0,1,4,0
238,65,461.5,513.0,15.0,24.0,1,1,0
238,66,1726.0,501.5,100.0,29.0,1,4,0
238,27,897.0,509.75,19.0,27.25,1,1,0
238,20,834.0,509.25,19.0,26.75,1,1,0
239,42,909.5,511.75,16.0,29.25,1,1,0
239,46,367.0,511.25,14.5,23.75,1,1,0
239,45,973.5,512.5,17.0,28.0,1,1,0
239,58,1405.0,507.25,100.0,29.75,1,4,0
239,64,1529.0,519.5,66.0,19.0,1,4,0
239,65,328.5,513.0,15.0,23.0,1,1,0
239,66,1642.0,508.75,96.0,29.25,1,4,0
239,27,936.0,512.0,16.0,27.0,1,1,0
239,20,810.5,511.5,21.0,28.0,1,1,0
240,42,885.5,518.5,16.0,30.0,1,1,0
240,46,233.12,514.0,15.5,25.0,1,1,0
240,58,1315.0,516.0,98.0,30.0,1,4,0
240,64,1435.0,529.0,78.0,20.0,1,4,0
240,65,277.0,513.5,12.0,24.0,1,1,0
240,66,1553.0,520.0,86.0,28.0,1,4,0
240,27,849.5,519.5,15.0,26.0,1,1,0
240,20,822.0,517.0,15.0,31.0,1,1,0
240,67,1688.0,528.5,46.0,22.0,1,4,0
240,68,1728.0,532.5,58.0,20.0,1,4,0
240,69,724.5,517.0,18.0,29.0,1,1,0
240,70,182.75,507.5,16.0,30.0,1,1,0
240,57,655.0,515.5,17.0,28.0,1,1,0
241,42,769.0,525.5,15.0,27.0,1,1,0
241,46,188.62,525.0,12.0,24.0,1,1,0
241,58,1230.0,516.5,100.0,30.0,1,4,0
241,64,1351.0,528.5,84.0,19.0,1,4,0
241,65,200.5,525.5,10.0,22.0,1,1,0
241,66,1445.0,517.0,124.0,32.0,1,4,0
241,27,743.5,525.0,16.0,28.0,1,1,0
241,20,804.0,523.5,17.0,31.0,1,1,0
241,67,1645.0,528.0,62.0,21.0,1,4,0
241,69,669.0,523.5,13.0,25.0,1,1,0
241,70,149.25,526.0,12.25,24.0,1,1,0
241,57,640.5,525.0,17.0,27.0,1,1,0
241,56,111.56,532.5,28.19,19.0,1,5,0
241,50,569.0,524.0,18.0,27.0,1,1,0
242,42,698.0,528.5,16.0,27.0,1,1,0
242,46,73.81,537.0,13.62,24.0,1,1,0
242,58,1155.0,512.5,102.0,31.0,1,4,0
242,64,1278.0,522.5,78.0,20.0,1,4,0
242,65,110.81,537.0,10.88,22.0,1,1,0
242,66,1369.0,509.5,126.0,33.0,1,4,0
242,27,732.5,528.0,16.0,28.0,1,1,0
242,67,1573.0,519.5,66.0,21.0,1,4,0
242,69,669.5,528.0,17.0,30.0,1,1,0
242,70,121.75,538.0,9.25,20.0,1,1,0
242,57,581.5,528.0,18.0,28.0,1,1,0
242,71,54.06,536.5,14.0,24.0,1,1,0
242,56,32.12,551.5,27.5,12.0,1,5,0
242,50,565.0,530.0,16.0,28.0,1,1,0
242,55,493.5,530.5,19.5,28.0,1,1,0
242,68,1863.0,517.5,54.0,15.0,1,4,0
243,42,670.5,513.0,17.0,30.0,1,1,0
243,46,18.08,531.0,12.88,20.0,1,1,0
243,58,1092.0,498.75,100.0,30.75,1,4,0
243,64,1215.0,509.0,82.0,19.0,1,4,0
243,65,41.22,526.5,10.31,23.0,1,1,0
243,66,1307.0,495.25,130.0,32.75,1,4,0
243,67,1510.0,504.75,68.0,21.75,1,4,0
243,69,636.0,514.5,17.0,27.0,1,1,0
243,57,606.5,514.5,14.0,28.0,1,1,0
243,71,50.84,526.0,10.94,22.0,1,1,0
243,50,502.5,515.5,17.0,28.0,1,1,0
243,55,426.0,517.0,21.5,28.0,1,1,0
243,68,1800.0,503.75,56.0,15.75,1,4,0
244,42,552.0,512.0,18.0,31.0,1,1,0
244,58,1039.0,494.75,102.0,31.25,1,4,0
244,64,1162.0,505.5,82.0,20.0,1,4,0
244,66,1252.0,491.75,132.0,33.25,1,4,0
244,67,1460.0,501.75,64.0,21.75,1,4,0
244,69,623.5,511.0,17.0,30.0,1,1,0
244,57,584.5,513.0,17.0,27.0,1,1,0
244,50,467.5,513.0,13.5,25.0,1,1,0
244,55,371.0,515.0,22.0,27.0,1,1,0
244,68,1751.0,499.75,56.0,15.75,1,4,0
245,42,514.0,514.5,15.0,27.0,1,1,0
245,58,995.0,494.5,100.0,31.0,1,4,0
245,64,1119.0,505.0,80.0,20.0,1,4,0
245,66,1208.0,491.0,132.0,33.0,1,4,0
245,67,1417.0,498.75,64.0,21.25,1,4,0
245,69,542.0,515.5,17.0,25.0,1,1,0
245,57,580.0,510.25,19.0,30.25,1,1,0
245,50,421.25,517.0,16.0,27.0,1,1,0
245,55,323.0,518.5,23.5,29.0,1,1,0
245,68,1706.0,496.5,56.0,15.5,1,4,0
245,72,404.5,518.0,18.5,27.0,1,1,0
245,73,1372.0,496.0,54.0,23.5,1,4,0
246,42,475.25,517.5,16.0,27.0,1,1,0
246,58,951.5,497.5,101.5,31.0,1,4,0
246,64,1075.0,507.5,82.0,20.0,1,4,0
246,66,1167.0,493.5,138.0,33.0,1,4,0
246,67,1330.0,499.0,56.0,23.0,1,4,0
246,69,504.0,518.0,17.0,26.0,1,1,0
246,57,542.0,512.5,17.0,33.0,1,1,0
246,50,361.75,520.0,23.0,30.0,1,1,0
246,55,281.5,522.5,19.5,27.0,1,1,0
246,68,1667.0,499.0,56.0,15.5,1,4,0
246,72,382.25,520.0,12.0,26.0,1,1,0
246,73,1376.0,501.25,70.0,21.25,1,4,0
247,42,439.75,517.5,14.5,27.0,1,1,0
247,58,916.0,497.5,103.0,31.0,1,4,0
247,64,1041.0,508.0,82.0,20.0,1,4,0
247,66,1133.0,493.5,140.0,33.0,1,4,0
247,67,1296.0,499.25,56.0,23.25,1,4,0
247,69,470.0,518.0,17.5,27.0,1,1,0
247,57,509.25,513.5,17.25,30.0,1,1,0
247,50,324.75,519.5,26.5,31.0,1,1,0
247,55,244.5,521.0,20.5,29.0,1,1,0
247,68,1633.0,500.0,56.0,15.0,1,4,0
247,73,1343.0,501.75,68.0,21.25,1,4,0
248,42,402.75,515.0,17.0,31.0,1,1,0
248,58,883.0,497.5,103.0,31.0,1,4,0
248,64,1009.0,507.75,82.0,20.25,1,4,0
248,66,1103.0,494.25,136.0,33.25,1,4,0
248,67,1264.0,500.5,58.0,24.0,1,4,0
248,69,440.5,516.0,16.0,28.0,1,1,0
248,57,476.5,510.5,17.0,32.0,1,1,0
248,50,294.0,517.5,21.5,29.0,1,1,0
248,55,210.75,517.5,18.75,30.0,1,1,0
248,68,1604.0,502.5,56.0,15.0,1,4,0
248,73,1313.0,503.75,70.0,21.25,1,4,0
248,72,308.75,518.0,15.0,27.0,1,1,0
249,42,380.0,513.5,16.0,29.0,1,1,0
249,58,859.5,494.75,102.0,31.75,1,4,0
249,64,984.5,504.5,83.5,21.0,1,4,0
249,66,1076.0,491.5,128.0,34.0,1,4,0
249,67,1238.0,497.5,60.0,24.0,1,4,0
249,69,417.5,513.0,17.5,28.0,1,1,0
249,57,451.5,509.5,17.5,33.0,1,1,0
249,50,269.5,516.5,15.0,28.0,1,1,0
249,55,183.12,517.0,19.0,30.0,1,1,0
249,68,1578.0,499.25,60.0,15.75,1,4,0
249,73,1289.0,499.75,72.0,21.75,1,4,0
249,72,283.0,514.5,14.5,28.0,1,1,0
250,42,362.25,503.5,19.0,29.0,1,1,0
250,58,839.0,490.0,102.0,31.0,1,4,0
250,64,964.0,500.25,67.0,20.25,1,4,0
250,66,1058.0,489.0,132.0,33.5,1,4,0
250,67,1221.0,495.0,60.0,24.0,1,4,0
250,69,399.75,504.5,17.0,28.0,1,1,0
250,57,430.0,499.75,19.5,33.25,1,1,0
250,50,243.5,505.25,19.25,30.75,1,1,0
250,55,159.5,505.25,18.75,32.25,1,1,0
250,68,1562.0,499.25,58.0,15.75,1,4,0
250,73,1272.0,498.0,70.0,21.5,1,4,0
250,72,262.0,504.5,16.5,29.0,1,1,0
250,74,1722.0,495.0,96.0,20.0,1,4,0
250,75,1517.0,500.5,34.0,13.5,1,4,0
251,42,348.25,503.25,17.5,27.75,1,1,0
251,58,823.0,488.0,103.0,31.0,1,4,0
251,64,950.5,499.75,83.5,19.75,1,4,0
251,66,1040.0,487.0,144.0,33.5,1,4,0
251,67,1205.0,493.5,62.0,24.5,1,4,0
251,69,386.0,501.75,18.0,26.25,1,1,0
251,57,423.25,501.0,16.0,28.0,1,1,0
251,50,229.12,503.5,17.0,30.0,1,1,0
251,55,138.62,503.75,21.5,31.25,1,1,0
251,68,1546.0,499.0,58.0,15.0,1,4,0
251,73,1257.0,496.5,72.0,22.0,1,4,0
251,72,246.25,504.5,17.25,28.0,1,1,0
251,74,1708.0,495.5,96.0,19.5,1,4,0
251,75,1503.0,500.25,34.0,13.75,1,4,0
252,42,333.5,505.75,16.0,29.75,1,1,0
252,58,810.5,491.25,105.0,31.25,1,4,0
252,64,938.5,503.0,84.0,20.0,1,4,0
252,66,1032.0,491.0,146.0,34.0,1,4,0
252,67,1197.0,497.75,60.0,24.25,1,4,0
252,69,376.25,504.5,16.5,28.0,1,1,0
252,57,413.0,503.25,17.0,28.25,1,1,0
252,50,237.0,506.25,17.0,28.75,1,1,0
252,55,126.62,506.25,20.0,31.25,1,1,0
252,68,1541.0,502.25,56.0,14.75,1,4,0
252,73,1249.0,500.5,70.0,21.5,1,4,0
252,72,218.0,504.75,17.5,31.25,1,1,0
252,74,1700.0,498.25,96.0,20.25,1,4,0
252,75,1495.0,503.5,36.0,14.0,1,4,0
253,42,324.75,505.25,16.5,30.75,1,1,0
253,58,801.5,491.5,106.0,31.0,1,4,0
253,64,931.5,503.5,63.0,20.0,1,4,0
253,66,1024.0,491.5,146.0,34.0,1,4,0
253,67,1189.0,498.25,62.0,23.75,1,4,0
253,69,370.25,506.0,17.5,27.0,1,1,0
253,57,407.0,505.0,17.0,30.0,1,1,0
253,50,208.75,506.25,18.0,29.25,1,1,0
253,55,117.0,506.5,18.38,32.0,1,1,0
253,68,1534.0,503.5,58.0,15.0,1,4,0
253,73,1243.0,501.0,70.0,22.0,1,4,0
253,72,230.62,506.75,18.25,28.25,1,1,0
253,74,1689.0,500.0,102.0,20.0,1,4,0
253,75,1490.0,504.75,36.0,13.75,1,4,0
253,78,1847.0,500.75,16.0,18.25,1,4,0
253,79,1861.0,499.75,18.0,19.75,1,4,0
254,42,320.0,504.25,18.0,32.75,1,1,0
254,58,800.0,491.0,104.0,31.0,1,4,0
254,64,927.5,503.0,71.0,20.0,1,4,0
254,66,1022.0,490.75,150.0,34.75,1,4,0
254,67,1188.0,497.5,62.0,24.0,1,4,0
254,69,368.75,505.0,17.5,28.0,1,1,0
254,57,403.75,503.5,18.5,31.0,1,1,0
254,50,228.12,506.5,18.0,28.0,1,1,0
254,55,110.88,505.5,17.0,32.0,1,1,0
254,68,1534.0,502.75,56.0,15.25,1,4,0
254,73,1242.0,500.25,68.0,22.25,1,4,0
254,72,203.38,506.25,18.0,29.75,1,1,0
254,74,1686.0,498.75,104.0,20.25,1,4,0
254,75,1488.0,504.25,34.0,13.75,1,4,0
254,78,1845.0,499.5,16.0,18.5,1,4,0
254,79,1859.0,499.0,18.0,19.5,1,4,0
255,42,319.75,505.75,17.5,30.75,1,1,0
255,58,795.5,492.25,108.0,31.75,1,4,0
255,64,927.0,503.5,86.0,21.0,1,4,0
255,66,1020.5,491.5,148.5,35.0,1,4,0
255,67,1190.0,498.5,60.0,24.5,1,4,0
255,69,369.5,506.25,16.5,27.25,1,1,0
255,57,407.75,503.5,17.5,32.0,1,1,0
255,50,199.88,506.5,19.25,31.0,1,1,0
255,55,106.94,507.0,17.75,34.0,1,1,0
255,68,1534.0,503.5,58.0,15.5,1,4,0
255,73,1242.0,501.5,70.0,22.0,1,4,0
255,72,228.12,507.5,17.0,27.0,1,1,0
255,74,1694.0,500.25,98.0,19.75,1,4,0
255,75,1490.0,505.0,36.0,14.0,1,4,0
255,78,1847.0,501.25,16.0,17.25,1,4,0
255,79,1861.0,499.75,18.0,19.25,1,4,0
256,42,324.0,506.25,17.5,31.75,1,1,0
256,58,800.0,492.5,109.0,31.5,1,4,0
256,64,931.5,504.25,67.0,20.75,1,4,0
256,66,1027.0,491.75,140.0,34.75,1,4,0
256,67,1195.0,498.25,62.0,25.25,1,4,0
256,69,376.25,506.0,17.0,28.0,1,1,0
256,57,412.75,504.0,17.0,32.0,1,1,0
256,50,233.0,507.5,16.75,27.0,1,1,0
256,55,105.62,507.25,18.88,33.75,1,1,0
256,68,1541.0,504.0,56.0,15.0,1,4,0
256,73,1248.0,501.75,70.0,22.25,1,4,0
256,72,202.0,505.5,20.5,33.0,1,1,0
256,74,1696.0,500.25,102.0,19.75,1,4,0
256,75,1495.0,505.75,36.0,13.25,1,4,0
256,78,1853.0,502.25,18.0,16.75,1,4,0
256,79,1868.0,500.25,20.0,18.75,1,4,0
257,42,333.0,507.0,18.5,31.0,1,1,0
257,58,809.0,492.5,109.0,32.0,1,4,0
257,64,941.5,504.0,82.0,21.0,1,4,0
257,66,1037.0,491.25,140.0,34.25,1,4,0
257,67,1205.0,498.0,62.0,25.0,1,4,0
257,69,424.25,504.5,16.5,32.0,1,1,0
257,57,387.25,502.25,16.5,32.75,1,1,0
257,50,208.25,507.25,19.75,31.25,1,1,0
257,55,108.38,508.75,20.25,34.25,1,1,0
257,68,1552.0,502.25,54.0,15.25,1,4,0
257,73,1260.0,501.75,70.0,22.75,1,4,0
257,72,241.75,508.75,17.0,26.75,1,1,0
257,74,1713.0,499.5,98.0,20.0,1,4,0
257,75,1506.0,504.75,38.0,13.75,1,4,0
257,78,1867.0,500.25,16.0,17.75,1,4,0
257,79,1880.0,499.0,20.0,19.5,1,4,0
258,42,345.5,507.75,17.5,29.25,1,1,0
258,58,823.0,492.0,107.0,32.0,1,4,0
258,64,956.5,503.5,81.5,21.0,1,4,0
258,66,1048.0,491.0,134.0,34.0,1,4,0
258,67,1217.0,497.25,64.0,25.25,1,4,0
258,69,401.0,503.75,18.5,31.25,1,1,0
258,57,439.5,506.0,18.5,32.0,1,1,0
258,50,255.25,510.5,16.5,25.0,1,1,0
258,55,114.69,510.5,21.69,33.0,1,1,0
258,68,1566.0,501.25,56.0,15.25,1,4,0
258,73,1272.0,500.75,72.0,22.25,1,4,0
258,72,218.0,509.25,18.75,31.25,1,1,0
258,74,1721.0,497.25,106.0,20.75,1,4,0
258,75,1521.0,503.75,34.0,13.25,1,4,0
259,42,358.0,508.0,17.5,29.0,1,1,0
259,58,833.5,492.25,108.0,32.25,1,4,0
259,64,964.5,504.25,70.5,20.25,1,4,0
259,66,1062.0,490.5,136.0,34.5,1,4,0
259,67,1232.0,497.25,64.0,24.75,1,4,0
259,69,416.0,506.5,17.0,29.0,1,1,0
259,57,451.25,507.25,17.5,28.25,1,1,0
259,50,227.0,508.75,20.0,33.25,1,1,0
259,55,122.75,511.25,21.75,33.75,1,1,0
259,68,1581.0,501.25,56.0,15.25,1,4,0
259,73,1286.0,501.0,72.0,21.5,1,4,0
259,72,267.5,510.75,17.0,26.75,1,1,0
259,74,1730.0,497.0,112.0,21.0,1,4,0
259,75,1534.0,503.75,36.0,13.75,1,4,0
260,42,371.5,502.25,17.5,31.75,1,1,0
260,58,848.5,491.0,108.0,32.0,1,4,0
260,64,980.0,503.25,64.0,20.25,1,4,0
260,66,1077.0,490.75,134.0,34.25,1,4,0
260,67,1251.0,498.25,62.0,25.25,1,4,0
260,57,432.25,502.5,16.0,29.0,1,1,0
260,50,234.38,502.5,24.38,35.0,1,1,0
260,55,131.5,503.0,22.0,36.0,1,1,0
260,68,1597.0,504.75,58.0,15.75,1,4,0
260,73,1303.0,502.5,70.0,22.0,1,4,0
260,72,281.25,504.25,17.5,27.25,1,1,0
260,74,1755.0,502.5,98.0,20.0,1,4,0
260,75,1553.0,507.5,34.0,14.0,1,4,0
260,45,466.25,501.5,17.5,32.0,1,1,0
261,42,295.75,513.5,18.0,31.0,1,1,0
261,58,860.0,500.25,108.0,32.25,1,4,0
261,64,990.0,512.5,86.0,21.0,1,4,0
261,66,1089.0,499.75,150.0,35.25,1,4,0
261,67,1266.0,507.25,60.0,25.75,1,4,0
261,50,242.5,512.0,15.5,32.0,1,1,0
261,55,139.0,513.0,24.25,33.0,1,1,0
261,68,1613.0,514.0,58.0,15.0,1,4,0
261,73,1317.0,511.25,72.0,22.25,1,4,0
261,72,252.5,511.25,17.0,33.75,1,1,0
261,74,1767.0,510.0,106.0,21.0,1,4,0
261,75,1567.0,516.0,34.0,14.0,1,4,0
261,45,442.0,511.5,21.0,32.0,1,1,0
261,61,483.0,511.0,17.0,32.0,1,1,0
261,69,383.5,512.5,19.0,33.0,1,1,0
262,42,303.25,515.0,16.5,28.0,1,1,0
262,58,867.5,501.0,110.0,32.0,1,4,0
262,64,1002.0,513.5,86.0,21.0,1,4,0
262,66,1100.0,500.5,148.0,35.0,1,4,0
262,67,1276.0,507.25,60.0,25.75,1,4,0
262,50,259.25,514.0,19.5,32.0,1,1,0
262,55,142.75,514.5,23.75,35.0,1,1,0
262,68,1622.0,513.0,62.0,16.0,1,4,0
262,73,1327.0,511.5,70.0,22.0,1,4,0
262,72,248.38,513.0,12.38,32.0,1,1,0
262,74,1774.0,509.5,112.0,20.0,1,4,0
262,75,1578.0,515.5,34.0,13.0,1,4,0
262,61,455.75,512.5,17.5,29.0,1,1,0
262,69,391.25,513.0,19.0,32.0,1,1,0
262,27,492.75,512.5,19.75,31.0,1,1,0
263,42,311.5,509.75,16.5,27.75,1,1,0
263,58,874.5,502.75,111.0,32.25,1,4,0
263,64,1011.0,516.0,88.0,21.0,1,4,0
263,66,1108.0,504.25,136.0,35.75,1,4,0
263,67,1286.0,512.5,60.0,26.0,1,4,0
263,50,263.0,508.5,18.0,35.0,1,1,0
263,55,147.0,508.0,23.25,36.0,1,1,0
263,68,1635.0,522.0,56.0,16.0,1,4,0
263,73,1337.0,517.0,70.0,23.0,1,4,0
263,72,251.38,507.0,14.12,35.0,1,1,0
263,74,1789.0,521.0,100.0,21.0,1,4,0
263,75,1587.0,524.0,36.0,14.0,1,4,0
263,61,502.75,509.75,16.75,30.25,1,1,0
263,27,465.5,509.75,17.5,31.25,1,1,0
263,45,400.5,509.0,18.0,34.0,1,1,0
264,42,318.75,509.5,16.5,28.0,1,1,0
264,58,879.5,502.75,110.0,32.25,1,4,0
264,64,1014.5,517.0,80.5,20.0,1,4,0
264,66,1115.0,504.75,136.0,35.25,1,4,0
264,67,1289.0,514.0,64.0,25.0,1,4,0
264,50,269.5,508.5,15.5,32.0,1,1,0
264,55,150.0,507.0,23.5,36.0,1,1,0
264,68,1640.0,523.0,60.0,16.0,1,4,0
264,73,1344.0,518.5,70.0,22.0,1,4,0
264,72,253.0,506.25,17.5,34.75,1,1,0
264,74,1792.0,521.0,102.0,20.0,1,4,0
264,75,1595.0,525.5,34.0,13.0,1,4,0
264,61,472.75,509.5,19.0,30.0,1,1,0
264,27,511.75,509.0,17.25,33.0,1,1,0
264,57,404.0,508.25,18.5,33.75,1,1,0
265,42,315.5,509.75,17.5,28.75,1,1,0
265,58,877.0,502.25,111.0,32.75,1,4,0
265,64,1013.5,516.0,76.5,21.0,1,4,0
265,66,1113.0,504.0,146.0,36.0,1,4,0
265,67,1290.0,512.5,62.0,26.0,1,4,0
265,50,264.75,509.25,17.0,33.75,1,1,0
265,55,143.88,506.75,21.75,34.75,1,1,0
265,68,1643.0,521.5,60.0,16.0,1,4,0
265,73,1344.0,517.5,72.0,22.0,1,4,0
265,72,245.0,508.25,19.5,34.75,1,1,0
265,74,1797.0,519.5,100.0,20.0,1,4,0
265,75,1598.0,524.0,34.0,13.0,1,4,0
265,61,475.0,509.25,17.5,29.25,1,1,0
265,27,510.5,509.5,18.0,32.0,1,1,0
265,57,402.75,510.25,19.0,32.25,1,1,0
266,42,305.0,511.25,18.0,27.75,1,1,0
266,58,867.0,500.75,110.0,32.75,1,4,0
266,64,1001.5,513.5,90.5,22.0,1,4,0
266,66,1104.0,501.75,136.0,35.25,1,4,0
266,67,1280.0,509.75,64.0,25.25,1,4,0
266,50,252.0,510.25,17.5,32.25,1,1,0
266,55,128.75,510.75,22.25,33.75,1,1,0
266,68,1633.0,518.0,62.0,15.0,1,4,0
266,73,1336.0,514.0,72.0,23.0,1,4,0
266,72,226.88,509.75,20.5,33.25,1,1,0
266,74,1789.0,514.5,108.0,22.0,1,4,0
266,75,1590.0,520.0,32.0,13.0,1,4,0
266,61,466.75,510.75,18.5,29.75,1,1,0
266,27,500.5,510.0,18.0,32.0,1,1,0
266,57,393.0,510.5,20.5,34.0,1,1,0
267,42,288.75,511.25,18.0,28.25,1,1,0
267,58,849.5,499.5,110.0,33.0,1,4,0
267,64,986.0,512.5,92.0,21.0,1,4,0
267,66,1087.0,500.25,136.0,35.75,1,4,0
267,67,1261.0,508.0,68.0,26.0,1,4,0
267,50,233.75,510.5,18.0,34.0,1,1,0
267,55,108.25,510.0,20.62,35.0,1,1,0
267,68,1620.0,515.5,60.0,16.0,1,4,0
267,73,1319.0,512.5,72.0,23.0,1,4,0
267,72,206.38,509.75,20.75,35.25,1,1,0
267,74,1775.0,512.5,108.0,22.0,1,4,0
267,75,1575.0,518.0,32.0,13.0,1,4,0
267,61,452.75,510.0,17.5,29.0,1,1,0
267,27,487.0,508.0,19.0,33.0,1,1,0
267,57,376.0,510.0,20.0,34.0,1,1,0
268,42,270.25,510.25,19.0,29.25,1,1,0
268,58,829.5,499.75,111.0,32.25,1,4,0
268,64,967.0,513.0,90.0,21.0,1,4,0
268,66,1065.0,499.75,140.0,35.25,1,4,0
268,67,1244.0,508.0,68.0,26.0,1,4,0
268,50,213.75,509.0,18.0,33.0,1,1,0
268,55,85.75,508.5,22.0,37.0,1,1,0
268,68,1602.0,516.0,62.0,16.0,1,4,0
268,73,1303.0,513.0,70.0,22.0,1,4,0
268,72,183.0,508.75,19.0,32.25,1,1,0
268,74,1761.0,513.5,104.0,21.0,1,4,0
268,75,1559.0,518.0,32.0,14.0,1,4,0
268,61,436.5,509.25,18.5,29.75,1,1,0
268,27,470.5,507.75,19.0,32.75,1,1,0
268,57,358.75,509.0,19.0,34.0,1,1,0
269,42,257.5,506.5,17.5,29.0,1,1,0
269,58,815.5,499.25,110.0,32.75,1,4,0
269,64,953.0,513.5,92.0,21.0,1,4,0
269,66,1055.0,501.0,150.0,36.0,1,4,0
269,67,1232.0,510.0,68.0,26.0,1,4,0
269,50,197.75,504.0,19.75,35.0,1,1,0
269,55,68.0,503.75,21.25,37.25,1,1,0
269,68,1590.0,519.0,62.0,16.0,1,4,0
269,73,1292.0,514.5,70.0,22.0,1,4,0
269,72,163.12,504.25,21.5,36.75,1,1,0
269,74,1749.0,518.0,106.0,21.0,1,4,0
269,75,1547.0,521.5,32.0,13.0,1,4,0
269,61,425.0,507.0,18.0,31.0,1,1,0
269,27,457.75,506.0,19.0,34.0,1,1,0
269,57,344.75,505.75,19.5,35.25,1,1,0
270,42,247.88,503.5,17.62,29.0,1,1,0
270,58,805.0,498.75,111.0,32.75,1,4,0
270,64,942.0,512.5,88.0,21.0,1,4,0
270,66,1042.0,500.25,150.0,36.75,1,4,0
270,67,1224.0,510.5,68.0,26.0,1,4,0
270,50,187.88,502.0,19.5,33.0,1,1,0
270,55,53.06,500.25,23.75,36.25,1,1,0
270,68,1583.0,520.5,62.0,16.0,1,4,0
270,73,1283.0,515.5,70.0,22.0,1,4,0
270,72,148.5,501.0,22.0,36.0,1,1,0
270,74,1741.0,520.5,106.0,20.0,1,4,0
270,75,1539.0,523.0,32.0,13.0,1,4,0
270,61,417.0,504.5,18.5,30.0,1,1,0
270,27,450.5,503.25,18.5,33.25,1,1,0
270,57,336.25,502.5,19.5,35.0,1,1,0
271,42,241.12,507.0,18.38,32.0,1,1,0
271,58,795.0,498.25,114.0,32.75,1,4,0
271,64,935.0,511.25,88.0,21.75,1,4,0
271,66,1038.0,498.5,154.0,37.0,1,4,0
271,67,1217.0,507.0,68.0,26.0,1,4,0
271,50,177.75,508.25,20.25,33.25,1,1,0
271,55,40.53,506.5,25.66,38.0,1,1,0
271,68,1578.0,515.5,62.0,16.0,1,4,0
271,73,1277.0,511.5,72.0,23.0,1,4,0
271,72,136.25,507.0,21.75,36.0,1,1,0
271,74,1734.0,513.5,108.0,21.0,1,4,0
271,75,1532.0,517.5,34.0,14.0,1,4,0
271,61,412.0,506.75,19.0,31.75,1,1,0
271,27,448.5,506.25,18.0,33.25,1,1,0
271,57,329.5,507.75,19.5,35.25,1,1,0
272,42,233.25,511.0,19.0,31.0,1,1,0
272,58,787.5,497.75,113.0,33.75,1,4,0
272,64,929.0,512.5,66.0,20.0,1,4,0
272,66,1030.0,498.5,154.0,36.0,1,4,0
272,67,1212.0,506.25,70.0,25.75,1,4,0
272,50,170.25,511.25,19.75,33.75,1,1,0
272,55,27.75,511.25,27.0,37.75,1,1,0
272,68,1573.0,512.5,62.0,16.0,1,4,0
272,73,1272.0,510.0,72.0,23.0,1,4,0
272,72,124.56,510.5,21.56,36.0,1,1,0
272,74,1729.0,509.75,110.0,21.75,1,4,0
272,75,1529.0,514.5,34.0,14.0,1,4,0
272,61,409.0,509.25,20.0,31.75,1,1,0
272,27,443.0,509.25,17.5,32.75,1,1,0
272,57,323.5,510.75,20.5,34.75,1,1,0
273,42,229.75,510.5,18.0,33.0,1,1,0
273,58,783.5,498.5,114.0,34.0,1,4,0
273,64,923.0,512.5,87.0,21.0,1,4,0
273,66,1026.0,498.5,154.0,37.0,1,4,0
273,67,1209.0,505.75,70.0,26.25,1,4,0
273,55,18.53,513.5,27.44,38.0,1,1,0
273,68,1571.0,511.75,62.0,16.75,1,4,0
273,73,1269.0,510.75,72.0,22.75,1,4,0
273,72,114.38,512.5,22.13,37.0,1,1,0
273,74,1730.0,508.75,108.0,20.25,1,4,0
273,75,1527.0,514.5,34.0,14.0,1,4,0
273,61,408.0,510.75,18.5,31.75,1,1,0
273,27,438.25,511.25,18.5,33.75,1,1,0
273,57,317.0,512.0,22.0,37.0,1,1,0
273,45,163.5,512.5,20.25,35.0,1,1,0
274,42,226.38,509.0,16.75,31.0,1,1,0
274,58,777.5,499.0,113.0,34.0,1,4,0
274,64,920.5,512.5,94.0,22.0,1,4,0
274,66,1022.5,499.75,151.5,37.25,1,4,0
274,67,1206.0,508.0,70.0,27.0,1,4,0
274,55,11.49,508.75,25.07,39.25,1,1,0
274,68,1570.0,515.5,62.0,17.0,1,4,0
274,73,1267.0,512.5,68.0,23.0,1,4,0
274,72,103.25,509.0,23.38,37.0,1,1,0
274,74,1729.0,513.5,106.0,21.0,1,4,0
274,75,1524.0,518.5,34.0,14.0,1,4,0
274,61,405.0,508.75,19.0,32.75,1,1,0
274,27,436.75,508.0,19.0,35.0,1,1,0
274,57,312.0,509.5,21.5,37.0,1,1,0
274,50,159.0,509.25,19.75,35.75,1,1,0
275,42,221.88,507.5,18.0,32.0,1,1,0
275,58,771.0,499.0,118.0,34.0,1,4,0
275,64,916.5,513.5,87.0,21.0,1,4,0
275,66,1017.0,499.75,158.0,37.25,1,4,0
275,67,1204.0,508.5,70.0,26.0,1,4,0
275,55,3.7,506.25,24.68,39.25,1,1,0
275,68,1566.0,516.5,64.0,17.0,1,4,0
275,73,1264.0,513.0,74.0,23.0,1,4,0
275,72,91.81,507.25,24.88,37.25,1,1,0
275,74,1732.0,515.5,104.0,20.0,1,4,0
275,75,1524.0,519.0,32.0,14.0,1,4,0
275,61,402.75,507.5,19.5,33.0,1,1,0
275,27,435.75,507.5,20.0,34.0,1,1,0
275,57,307.5,508.75,22.0,36.25,1,1,0
275,50,153.75,507.5,20.25,35.0,1,1,0
276,42,217.5,505.75,19.0,31.75,1,1,0
276,58,768.0,498.5,115.0,34.0,1,4,0
276,64,911.0,512.5,91.0,22.0,1,4,0
276,66,1014.0,500.25,150.0,37.75,1,4,0
276,67,1201.0,509.25,70.0,26.75,1,4,0
276,55,0.09,503.0,19.41,41.0,1,1,0
276,68,1565.0,518.0,64.0,17.0,1,4,0
276,73,1262.0,514.0,74.0,23.0,1,4,0
276,72,81.19,504.75,24.5,37.75,1,1,0
276,74,1726.0,518.0,108.0,20.0,1,4,0
276,75,1522.0,521.0,34.0,14.0,1,4,0
276,61,400.25,506.0,19.5,33.0,1,1,0
276,27,432.0,507.75,19.5,33.75,1,1,0
276,57,298.75,508.0,26.5,33.0,1,1,0
276,50,146.88,506.5,20.5,35.0,1,1,0
277,42,214.75,509.25,19.0,31.75,1,1,0
277,58,762.0,500.25,117.0,34.25,1,4,0
277,64,904.5,514.5,85.0,22.0,1,4,0
277,66,1010.0,501.75,160.0,38.75,1,4,0
277,67,1196.0,510.75,72.0,26.75,1,4,0
277,55,-0.0,505.5,12.79,45.0,1,1,0
277,68,1562.0,518.5,66.0,17.0,1,4,0
277,73,1260.0,515.5,76.0,23.0,1,4,0
277,72,71.75,509.25,25.38,37.75,1,1,0
277,74,1726.0,517.5,108.0,21.0,1,4,0
277,75,1521.0,521.5,32.0,14.0,1,4,0
277,61,399.0,510.0,18.5,33.0,1,1,0
277,27,428.5,509.75,20.0,32.75,1,1,0
277,57,292.5,513.0,30.0,33.0,1,1,0
277,50,142.38,510.0,21.75,35.0,1,1,0
278,42,208.62,513.0,18.75,32.0,1,1,0
278,58,759.0,502.75,116.0,34.75,1,4,0
278,64,903.0,518.0,72.0,20.0,1,4,0
278,66,1008.5,502.75,159.5,38.25,1,4,0
278,67,1194.0,511.5,72.0,27.0,1,4,0
278,68,1562.0,519.0,64.0,17.0,1,4,0
278,73,1258.0,516.5,76.0,23.0,1,4,0
278,72,61.88,511.5,25.62,41.0,1,1,0
278,74,1726.0,516.5,106.0,20.0,1,4,0
278,75,1519.0,522.0,32.0,14.0,1,4,0
278,61,396.25,514.0,20.0,32.0,1,1,0
278,27,427.25,514.0,20.5,34.0,1,1,0
278,57,288.5,515.0,30.0,35.0,1,1,0
278,50,137.5,513.5,22.0,37.0,1,1,0
279,42,204.62,512.5,18.25,32.0,1,1,0
279,58,753.0,503.25,116.0,34.25,1,4,0
279,64,895.5,518.0,78.0,21.0,1,4,0
279,66,1002.0,504.5,152.0,38.0,1,4,0
279,67,1190.0,513.0,72.0,27.0,1,4,0
279,68,1560.0,521.0,64.0,18.0,1,4,0
279,73,1253.0,518.0,86.0,23.0,1,4,0
279,72,50.12,510.5,26.81,40.0,1,1,0
279,74,1722.0,521.0,108.0,20.0,1,4,0
279,75,1517.0,524.5,32.0,14.0,1,4,0
279,61,394.75,513.0,19.5,32.0,1,1,0
279,27,424.25,513.0,20.0,35.0,1,1,0
279,57,289.5,510.75,24.0,36.75,1,1,0
279,50,131.12,511.75,21.75,36.25,1,1,0
279,78,1882.0,520.5,20.0,19.0,1,4,0
279,79,1900.0,521.0,20.0,18.0,1,4,0
280,42,197.38,504.75,18.75,32.25,1,1,0
280,58,742.5,497.25,118.0,34.75,1,4,0
280,64,888.5,513.0,86.0,21.0,1,4,0
280,66,995.5,499.0,145.5,38.0,1,4,0
280,67,1185.0,508.5,72.0,27.0,1,4,0
280,68,1555.0,518.5,64.0,17.0,1,4,0
280,73,1249.0,513.5,70.0,23.0,1,4,0
280,72,36.28,502.5,26.88,40.0,1,1,0
280,74,1719.0,516.5,106.0,21.0,1,4,0
280,75,1512.0,520.0,32.0,14.0,1,4,0
280,61,390.75,505.25,19.0,33.25,1,1,0
280,27,418.5,505.5,20.5,36.0,1,1,0
280,57,286.5,501.25,21.0,37.25,1,1,0
280,50,124.81,503.75,21.31,38.75,1,1,0
281,42,192.62,502.0,18.75,32.0,1,1,0
281,58,737.0,495.5,117.0,35.0,1,4,0
281,64,885.0,511.75,92.0,21.75,1,4,0
281,66,990.0,498.75,148.0,38.25,1,4,0
281,67,1170.0,508.5,84.0,28.0,1,4,0
281,68,1552.0,518.5,64.0,18.0,1,4,0
281,73,1244.0,513.5,78.0,23.0,1,4,0
281,72,24.34,498.5,26.12,41.0,1,1,0
281,74,1715.0,518.5,108.0,21.0,1,4,0
281,75,1508.0,521.0,32.0,15.0,1,4,0
281,61,386.5,502.5,19.5,34.0,1,1,0
281,27,416.0,502.5,19.5,36.0,1,1,0
281,57,286.5,501.0,18.5,39.0,1,1,0
281,50,118.06,500.25,20.94,38.25,1,1,0
281,78,1875.0,520.5,20.0,18.0,1,4,0
281,79,1892.0,518.5,20.0,21.0,1,4,0
282,42,187.0,504.75,19.25,32.75,1,1,0
282,58,730.0,496.5,121.0,34.0,1,4,0
282,64,881.5,513.0,68.0,20.0,1,4,0
282,66,982.0,498.5,152.0,38.0,1,4,0
282,67,1177.0,508.5,72.0,27.0,1,4,0
282,68,1548.0,517.5,66.0,18.0,1,4,0
282,73,1240.0,512.5,74.0,24.0,1,4,0
282,72,15.83,503.25,25.73,41.75,1,1,0
282,74,1714.0,516.0,108.0,21.0,1,4,0
282,75,1507.0,520.0,32.0,15.0,1,4,0
282,61,384.75,505.25,19.5,33.75,1,1,0
282,27,413.25,504.75,19.5,36.75,1,1,0
282,57,278.25,505.25,17.5,35.75,1,1,0
282,50,112.81,504.25,21.31,37.75,1,1,0
283,42,184.5,507.0,19.0,32.0,1,1,0
283,58,727.5,496.5,119.0,35.0,1,4,0
283,64,876.5,512.5,82.0,21.0,1,4,0
283,66,984.5,497.75,149.5,38.25,1,4,0
283,67,1173.0,507.0,76.0,27.0,1,4,0
283,68,1548.0,515.0,66.0,18.0,1,4,0
283,73,1240.0,511.0,72.0,24.0,1,4,0
283,72,4.77,506.0,27.42,41.0,1,1,0
283,74,1708.0,513.5,114.0,21.0,1,4,0
283,75,1505.0,516.5,32.0,16.0,1,4,0
283,61,384.75,507.0,18.5,34.0,1,1,0
283,27,411.25,505.75,20.5,36.25,1,1,0
283,57,267.75,504.5,18.0,41.0,1,1,0
283,50,110.69,506.25,21.06,38.25,1,1,0
283,79,1891.0,512.5,22.0,21.0,1,4,0
283,78,1876.0,515.0,16.0,19.0,1,4,0
284,42,181.5,507.25,18.5,32.25,1,1,0
284,58,724.0,499.25,120.0,35.25,1,4,0
284,64,873.5,515.5,75.0,21.0,1,4,0
284,66,979.5,501.0,150.5,39.0,1,4,0
284,67,1150.0,511.0,98.0,28.0,1,4,0
284,68,1548.0,519.0,66.0,18.0,1,4,0
284,73,1240.0,515.5,82.0,24.0,1,4,0
284,72,0.72,507.5,22.69,41.0,1,1,0
284,74,1712.0,517.0,110.0,21.0,1,4,0
284,75,1506.0,521.0,32.0,15.0,1,4,0
284,61,384.75,508.0,18.5,34.0,1,1,0
284,27,414.0,508.0,18.5,35.0,1,1,0
284,57,258.0,504.0,20.0,42.0,1,1,0
284,50,107.12,506.25,21.38,39.75,1,1,0
284,79,1891.0,516.0,20.0,22.0,1,4,0
284,78,1877.0,517.5,18.0,21.0,1,4,0
285,42,178.62,506.0,19.0,32.0,1,1,0
285,58,722.0,497.75,121.0,35.25,1,4,0
285,64,872.0,513.0,87.0,22.0,1,4,0
285,66,980.0,500.0,152.0,39.0,1,4,0
285,67,1174.0,510.0,76.0,27.0,1,4,0
285,68,1548.0,518.5,66.0,18.0,1,4,0
285,73,1240.0,514.5,74.0,24.0,1,4,0
285,72,0.04,508.0,14.97,38.0,1,1,0
285,74,1712.0,518.0,112.0,21.0,1,4,0
285,75,1506.0,521.5,32.0,14.0,1,4,0
285,61,385.0,505.75,19.0,35.75,1,1,0
285,27,413.0,505.75,19.5,37.75,1,1,0
285,57,246.88,505.5,24.62,39.0,1,1,0
285,50,105.0,503.5,21.88,40.0,1,1,0
285,79,1893.0,517.0,20.0,22.0,1,4,0
285,78,1873.0,519.0,22.0,19.0,1,4,0
286,42,175.12,505.5,18.75,34.0,1,1,0
286,58,717.0,499.25,122.0,35.75,1,4,0
286,64,867.5,514.0,95.0,23.0,1,4,0
286,66,978.5,501.5,164.5,40.0,1,4,0
286,67,1172.0,511.5,76.0,28.0,1,4,0
286,68,1548.0,521.0,66.0,18.0,1,4,0
286,73,1238.0,516.5,84.0,24.0,1,4,0
286,72,-0.0,502.0,5.39,44.0,1,1,0
286,74,1718.0,521.0,106.0,20.0,1,4,0
286,75,1504.0,522.5,34.0,15.0,1,4,0
286,61,384.5,506.75,19.5,34.25,1,1,0
286,27,410.75,505.75,21.0,36.75,1,1,0
286,57,240.0,505.0,23.0,39.0,1,1,0
286,50,99.38,504.75,22.75,38.75,1,1,0
286,79,1892.0,520.0,18.0,21.0,1,4,0
286,78,1875.0,521.0,20.0,19.0,1,4,0
287,42,173.88,512.5,18.25,32.0,1,1,0
287,58,715.5,502.0,122.0,36.0,1,4,0
287,64,867.5,517.5,74.0,22.0,1,4,0
287,66,977.5,503.5,152.5,39.0,1,4,0
287,67,1158.0,512.5,92.0,28.0,1,4,0
287,68,1548.0,521.0,68.0,18.0,1,4,0
287,73,1237.0,517.0,82.0,25.0,1,4,0
287,74,1711.0,519.0,114.0,21.0,1,4,0
287,75,1506.0,523.5,32.0,15.0,1,4,0
287,61,384.0,513.0,18.5,34.0,1,1,0
287,27,410.5,511.75,21.0,37.75,1,1,0
287,57,238.38,508.75,21.88,42.25,1,1,0
287,50,97.69,511.25,21.25,39.75,1,1,0
288,42,171.5,510.5,19.0,33.0,1,1,0
288,58,712.5,498.75,123.0,37.25,1,4,0
288,64,864.5,516.0,78.0,21.0,1,4,0
288,66,976.0,501.5,164.0,40.0,1,4,0
288,67,1159.0,510.5,92.0,29.0,1,4,0
288,68,1549.0,519.0,70.0,20.0,1,4,0
288,73,1240.0,516.0,82.0,24.0,1,4,0
288,74,1717.0,518.0,110.0,21.0,1,4,0
288,75,1508.0,522.0,32.0,15.0,1,4,0
288,61,384.5,507.75,21.0,38.25,1,1,0
288,27,413.25,507.0,20.5,38.0,1,1,0
288,57,233.38,507.25,20.75,42.75,1,1,0
288,50,94.56,506.75,23.0,41.25,1,1,0
289,42,172.88,507.0,19.0,34.0,1,1,0
289,58,715.0,496.5,123.0,37.0,1,4,0
289,64,866.5,512.5,101.0,23.0,1,4,0
289,66,976.5,498.25,172.5,40.25,1,4,0
289,67,1163.0,509.0,92.0,28.0,1,4,0
289,68,1555.0,516.0,68.0,19.0,1,4,0
289,73,1244.0,513.0,78.0,24.0,1,4,0
289,74,1722.0,515.5,112.0,21.0,1,4,0
289,75,1515.0,519.5,30.0,15.0,1,4,0
289,61,388.75,506.25,21.5,35.25,1,1,0
289,27,417.25,506.25,22.5,35.25,1,1,0
289,57,228.62,503.75,23.25,40.25,1,1,0
289,50,95.12,504.75,23.0,42.25,1,1,0
290,42,175.38,507.0,18.5,34.0,1,1,0
290,58,718.5,498.5,122.0,36.0,1,4,0
290,64,871.0,514.0,96.0,24.0,1,4,0
290,66,982.5,501.0,173.5,41.0,1,4,0
290,67,1166.0,511.75,96.0,28.75,1,4,0
290,68,1562.0,518.5,68.0,18.0,1,4,0
290,73,1252.0,517.0,74.0,23.0,1,4,0
290,74,1731.0,518.0,110.0,21.0,1,4,0
290,75,1521.0,521.5,30.0,15.0,1,4,0
290,61,397.25,506.75,19.5,35.25,1,1,0
290,27,424.25,505.0,22.0,39.0,1,1,0
290,57,223.25,506.0,25.25,39.0,1,1,0
290,50,96.38,505.0,24.0,41.0,1,1,0
291,42,178.25,503.5,19.0,34.0,1,1,0
291,58,721.0,495.5,126.0,36.0,1,4,0
291,64,876.5,510.75,95.0,22.25,1,4,0
291,66,990.5,497.0,159.5,40.0,1,4,0
291,67,1175.0,507.5,92.0,29.0,1,4,0
291,68,1571.0,516.5,66.0,18.0,1,4,0
291,73,1261.0,512.5,80.0,25.0,1,4,0
291,74,1742.0,515.5,110.0,21.0,1,4,0
291,75,1527.0,519.5,34.0,15.0,1,4,0
291,61,405.5,504.0,20.0,35.0,1,1,0
291,27,433.75,503.0,21.5,41.0,1,1,0
291,57,222.0,501.5,25.5,42.0,1,1,0
291,50,102.75,501.75,24.0,43.75,1,1,0
292,42,185.75,502.5,19.0,34.0,1,1,0
292,58,730.0,493.5,124.0,37.0,1,4,0
292,64,886.0,511.0,77.0,22.0,1,4,0
292,66,998.0,496.0,180.0,42.0,1,4,0
292,67,1192.0,507.0,88.0,29.0,1,4,0
292,68,1580.0,516.5,68.0,18.0,1,4,0
292,73,1269.0,511.0,76.0,25.0,1,4,0
292,74,1751.0,515.0,112.0,20.0,1,4,0
292,75,1538.0,519.0,32.0,15.0,1,4,0
292,61,414.5,503.0,21.0,36.0,1,1,0
292,27,445.5,502.0,22.0,39.0,1,1,0
292,57,226.0,500.0,23.5,41.0,1,1,0
292,50,107.44,500.5,25.56,42.0,1,1,0
293,42,194.62,502.75,19.25,33.75,1,1,0
293,58,737.5,493.25,126.0,36.75,1,4,0
293,64,893.5,510.5,75.0,21.0,1,4,0
293,66,1007.5,494.75,176.5,41.25,1,4,0
293,67,1193.0,507.5,60.0,26.0,1,4,0
293,68,1594.0,515.0,68.0,19.0,1,4,0
293,73,1279.0,510.5,78.0,25.0,1,4,0
293,74,1764.0,514.0,112.0,21.0,1,4,0
293,75,1550.0,517.5,32.0,15.0,1,4,0
293,61,426.0,502.75,21.5,34.75,1,1,0
293,27,456.0,496.25,23.5,43.75,1,1,0
293,57,229.75,499.0,22.75,43.0,1,1,0
293,50,116.06,501.0,25.44,42.0,1,1,0
294,42,201.0,503.25,19.25,34.25,1,1,0
294,58,744.5,493.25,127.0,37.25,1,4,0
294,64,903.0,510.25,74.0,21.75,1,4,0
294,66,1016.5,495.0,172.5,41.0,1,4,0
294,67,1203.0,508.0,58.0,26.0,1,4,0
294,68,1607.0,514.0,66.0,19.0,1,4,0
294,73,1290.0,510.0,80.0,25.0,1,4,0
294,74,1773.0,513.0,114.0,21.0,1,4,0
294,75,1563.0,517.0,32.0,15.0,1,4,0
294,61,435.0,503.25,22.0,37.25,1,1,0
294,27,468.25,496.0,27.5,46.0,1,1,0
294,57,227.88,500.25,27.25,44.75,1,1,0
294,50,124.38,503.0,24.0,42.0,1,1,0
295,42,201.25,506.75,18.25,32.75,1,1,0
295,58,743.0,494.0,128.0,37.0,1,4,0
295,64,903.5,510.75,73.0,21.75,1,4,0
295,66,1018.0,495.0,166.0,41.0,1,4,0
295,67,1203.0,507.0,60.0,26.0,1,4,0
295,68,1606.0,513.0,72.0,20.0,1,4,0
295,73,1292.0,510.0,82.0,25.0,1,4,0
295,74,1773.0,511.75,118.0,21.75,1,4,0
295,75,1565.0,517.0,32.0,15.0,1,4,0
295,61,437.75,505.5,22.5,37.0,1,1,0
295,27,471.75,496.25,24.5,45.25,1,1,0
295,57,222.88,502.75,26.0,44.75,1,1,0
295,50,124.75,504.75,25.0,42.25,1,1,0
296,42,192.5,499.75,18.25,34.25,1,1,0
296,58,737.5,493.0,126.0,38.0,1,4,0
296,64,896.0,512.0,78.0,22.0,1,4,0
296,66,1013.0,496.5,178.0,42.0,1,4,0
296,67,1201.0,510.0,98.0,28.0,1,4,0
296,68,1606.0,520.5,68.0,18.0,1,4,0
296,73,1288.0,514.0,82.0,24.0,1,4,0
296,74,1772.0,519.5,114.0,22.0,1,4,0
296,75,1557.0,521.5,36.0,15.0,1,4,0
296,61,434.75,500.25,22.0,37.25,1,1,0
296,27,470.25,496.5,23.5,46.0,1,1,0
296,57,210.12,498.0,24.75,41.0,1,1,0
296,50,116.62,497.25,23.0,43.25,1,1,0
296,78,1820.0,522.0,68.0,19.0,1,4,0
297,42,179.38,496.75,20.75,38.75,1,1,0
297,58,723.5,492.25,128.0,37.25,1,4,0
297,64,885.0,510.75,81.0,22.25,1,4,0
297,66,1000.5,496.75,185.5,42.75,1,4,0
297,67,1191.0,508.75,98.0,29.75,1,4,0
297,68,1596.0,521.5,70.0,18.0,1,4,0
297,73,1280.0,514.5,80.0,25.0,1,4,0
297,74,1765.0,521.0,114.0,21.0,1,4,0
297,75,1549.0,523.0,36.0,15.0,1,4,0
297,61,427.25,498.5,22.0,36.0,1,1,0
297,27,464.0,497.0,25.5,45.0,1,1,0
297,57,197.62,501.25,19.75,36.25,1,1,0
297,50,105.19,494.25,21.62,43.75,1,1,0
298,42,163.0,498.0,34.0,45.0,1,1,0
298,58,712.0,496.0,125.0,38.0,1,4,0
298,64,867.5,514.0,94.0,23.0,1,4,0
298,66,986.0,500.0,184.0,43.0,1,4,0
298,67,1175.0,513.0,70.0,29.0,1,4,0
298,68,1585.0,526.5,70.0,18.0,1,4,0
298,73,1267.0,518.5,78.0,25.0,1,4,0
298,74,1751.0,526.0,118.0,21.0,1,4,0
298,75,1534.0,527.5,38.0,16.0,1,4,0
298,61,416.75,501.25,21.0,36.25,1,1,0
298,27,452.0,498.0,26.0,45.0,1,1,0
298,50,88.5,496.0,23.75,45.0,1,1,0
299,42,147.5,501.25,30.0,42.25,1,1,0
299,58,693.5,494.5,128.0,37.0,1,4,0
299,64,851.5,512.5,100.0,23.0,1,4,0
299,66,972.5,497.75,174.5,42.75,1,4,0
299,67,1161.0,509.5,106.0,30.0,1,4,0
299,68,1575.0,522.0,70.0,18.0,1,4,0
299,73,1257.0,515.5,84.0,25.0,1,4,0
299,74,1742.0,521.0,116.0,22.0,1,4,0
299,75,1525.0,523.0,38.0,16.0,1,4,0
299,61,407.0,501.25,22.0,39.75,1,1,0
299,27,441.25,499.5,26.5,41.0,1,1,0
299,50,73.0,499.0,23.0,43.0,1,1,0
300,42,129.38,501.0,28.5,43.0,1,1,0
300,58,678.0,495.25,130.0,37.75,1,4,0
300,64,841.0,512.0,103.0,24.0,1,4,0
300,66,960.5,498.25,185.5,43.25,1,4,0
300,67,1150.0,510.5,104.0,30.0,1,4,0
300,68,1567.0,522.0,66.0,19.0,1,4,0
300,73,1244.0,516.5,84.0,25.0,1,4,0
300,74,1740.0,521.5,106.0,21.0,1,4,0
300,75,1517.0,525.0,36.0,15.0,1,4,0
300,61,394.5,501.5,23.5,40.0,1,1,0
300,27,435.5,501.25,26.0,41.75,1,1,0
300,50,56.62,498.0,24.25,45.0,1,1,0
