1,1,664.0,513.5,104.0,65.0,1,4,0
1,2,829.0,523.5,79.0,39.0,1,4,0
1,3,284.5,565.5,66.0,30.0,1,5,0
1,4,959.5,528.0,78.5,35.0,1,4,0
1,5,444.0,524.5,108.0,40.0,1,4,0
2,1,629.5,517.5,116.0,67.0,1,4,0
2,2,802.5,531.5,88.0,38.0,1,4,0
2,3,215.75,569.5,73.0,35.0,1,5,0
2,5,423.5,530.0,107.5,39.0,1,4,0
3,1,594.5,515.5,128.0,72.0,1,4,0
3,2,785.5,528.5,86.0,40.0,1,4,0
3,3,139.25,569.5,83.5,42.0,1,5,0
3,5,402.25,531.5,110.75,39.0,1,4,0
3,4,919.5,533.5,42.0,33.0,1,4,0
4,1,560.0,504.25,135.0,72.75,1,4,0
4,2,772.5,518.5,79.0,39.0,1,4,0
4,3,51.19,562.5,93.81,42.0,1,5,0
5,1,534.5,511.75,144.0,74.75,1,4,0
5,2,763.5,526.0,80.0,39.0,1,4,0
5,3,-0.0,582.0,62.94,38.0,1,5,0
5,6,664.5,531.0,79.0,28.0,1,4,0
5,5,372.25,527.0,108.5,40.0,1,4,0
5,4,891.5,528.0,50.0,37.0,1,4,0
6,1,512.0,486.75,156.0,78.75,1,4,0
6,2,765.0,504.0,77.0,38.0,1,4,0
6,6,659.0,506.5,93.0,35.0,1,4,0
6,5,336.75,505.5,141.0,42.0,1,4,0
7,1,511.25,481.0,161.25,83.0,1,4,0
7,2,778.5,502.25,81.0,36.75,1,4,0
7,6,662.5,505.75,98.0,32.25,1,4,0
7,5,381.25,501.0,111.0,41.0,1,4,0
8,1,520.0,484.0,174.0,87.0,1,4,0
8,2,809.0,502.75,83.0,39.25,1,4,0
8,6,692.0,508.75,110.0,35.25,1,4,0
8,5,411.0,508.0,110.5,41.0,1,4,0
9,1,530.5,482.0,191.0,88.0,1,4,0
9,2,844.5,504.25,85.0,39.25,1,4,0
9,6,725.0,509.5,108.0,34.0,1,4,0
9,5,440.5,503.25,101.5,42.25,1,4,0
10,1,532.0,482.75,188.0,93.75,1,4,0
10,2,869.0,507.0,85.0,39.0,1,4,0
10,6,766.5,514.0,89.0,32.0,1,4,0
11,1,508.5,485.0,196.0,97.0,1,4,0
11,2,874.0,508.75,87.0,39.75,1,4,0
11,6,764.0,515.5,100.0,34.0,1,4,0
11,7,729.0,539.0,29.0,14.0,1,5,0
12,1,509.75,483.75,156.75,98.75,1,4,0
12,2,858.5,510.0,81.0,40.0,1,4,0
12,6,741.0,514.5,100.0,34.0,1,4,0
12,7,707.5,540.5,39.0,14.0,1,5,0
13,1,395.0,474.75,213.5,106.25,1,4,0
13,2,821.5,501.5,81.0,40.0,1,4,0
13,6,711.5,506.5,93.0,36.0,1,4,0
13,7,668.5,535.5,30.0,14.0,1,5,0
14,1,312.0,468.5,234.0,109.0,1,4,0
14,2,781.5,498.0,85.0,40.0,1,4,0
14,6,677.0,504.5,89.0,31.0,1,4,0
14,7,633.0,532.0,28.0,12.0,1,5,0
15,1,250.5,475.5,242.0,114.0,1,4,0
15,2,752.5,503.5,87.0,40.0,1,4,0
15,6,654.0,511.0,88.0,33.0,1,4,0
15,7,600.5,538.5,29.0,13.0,1,5,0
16,1,197.0,487.5,260.5,106.0,1,4,0
16,2,741.5,507.25,90.0,40.75,1,4,0
16,6,634.5,514.0,97.0,34.0,1,4,0
16,7,587.0,542.5,29.0,12.0,1,5,0
17,1,166.5,476.0,277.0,119.0,1,4,0
17,2,744.5,503.25,93.0,40.25,1,4,0
17,6,631.0,510.25,104.0,33.25,1,4,0
17,7,582.0,540.0,37.0,12.0,1,5,0
18,1,124.25,480.0,303.5,117.0,1,4,0
18,2,764.0,504.5,92.0,40.0,1,4,0
18,6,650.0,510.25,110.0,33.25,1,4,0
18,7,597.0,538.0,37.0,15.0,1,5,0
19,1,93.88,472.0,319.12,122.0,1,4,0
19,2,786.0,493.25,91.0,43.25,1,4,0
19,6,667.5,500.0,105.0,36.0,1,4,0
19,7,609.5,528.5,50.0,15.0,1,5,0
19,5,370.75,495.0,117.0,44.0,1,4,0
20,1,47.0,477.0,348.0,125.0,1,4,0
20,2,807.0,495.75,92.0,41.25,1,4,0
20,6,700.5,503.25,97.0,34.25,1,4,0
20,7,621.5,535.0,36.0,14.0,1,5,0
20,5,388.75,497.75,122.0,44.75,1,4,0
21,1,19.0,491.0,346.0,137.0,1,4,0
21,2,827.0,521.0,82.0,42.0,1,4,0
21,6,717.5,527.0,93.0,35.0,1,4,0
21,7,619.5,559.5,94.0,16.0,1,5,0
21,5,395.25,522.5,121.25,44.0,1,4,0
22,1,0.88,486.75,296.12,143.25,1,4,0
22,2,803.0,507.5,87.0,40.0,1,4,0
22,6,700.0,513.0,88.0,32.0,1,4,0
22,7,681.5,541.0,38.0,15.0,1,5,0
22,8,584.0,548.5,42.0,16.0,1,5,0
23,1,0.25,437.25,228.0,160.25,1,4,0
23,2,777.5,476.5,93.0,41.0,1,4,0
23,6,678.0,479.25,89.0,35.75,1,4,0
23,7,677.5,510.0,42.0,16.0,1,5,0
23,8,547.5,514.0,44.0,18.0,1,5,0
24,1,0.25,474.25,155.5,168.25,1,4,0
24,2,756.0,513.0,92.0,41.0,1,4,0
24,7,675.5,550.5,42.0,14.0,1,5,0
24,8,504.25,557.5,47.75,18.0,1,5,0
24,4,652.0,523.5,83.0,28.0,1,4,0
24,5,329.25,522.0,122.0,40.0,1,4,0
25,1,0.0,503.25,55.84,129.75,1,4,0
25,2,721.0,504.75,89.0,39.25,1,4,0
25,7,664.0,542.0,39.0,13.0,1,5,0
25,8,450.5,544.0,46.5,23.0,1,5,0
25,4,610.5,512.5,84.0,34.0,1,4,0
25,5,287.0,507.75,127.5,44.75,1,4,0
26,2,716.5,489.25,86.0,40.25,1,4,0
26,7,676.5,525.0,42.0,16.0,1,5,0
26,8,420.5,528.5,50.5,18.0,1,5,0
26,4,608.5,495.0,91.0,35.0,1,4,0
26,5,277.75,485.25,127.5,42.25,1,4,0
27,2,690.5,514.5,80.0,39.0,1,4,0
27,7,670.5,554.0,45.0,16.0,1,5,0
27,8,370.5,565.5,54.0,22.0,1,5,0
27,4,579.5,522.5,92.0,36.0,1,4,0
27,5,234.62,526.5,139.38,45.0,1,4,0
28,2,687.0,486.0,90.0,38.0,1,4,0
28,7,705.5,524.0,37.0,15.0,1,5,0
28,8,350.25,519.5,57.5,23.0,1,5,0
28,4,575.0,487.75,96.0,37.75,1,4,0
28,5,250.0,476.5,128.5,45.5,1,4,0
29,2,685.0,511.75,86.0,39.25,1,4,0
29,7,725.0,551.0,38.0,16.0,1,5,0
29,8,323.5,564.5,60.0,25.0,1,5,0
29,4,572.5,518.0,95.0,34.0,1,4,0
30,2,713.0,487.75,88.0,39.75,1,4,0
30,7,771.5,529.0,37.0,15.0,1,5,0
30,8,325.75,531.0,63.5,27.0,1,5,0
30,4,598.0,491.25,101.0,35.75,1,4,0
30,5,276.25,491.0,113.0,40.5,1,4,0
31,2,726.0,486.25,92.0,41.75,1,4,0
31,7,805.0,530.0,40.0,16.0,1,5,0
31,8,310.25,527.5,67.0,33.0,1,5,0
31,4,612.0,490.75,101.0,37.25,1,4,0
31,5,307.0,493.0,104.0,38.0,1,4,0
32,2,749.5,503.25,91.0,43.75,1,4,0
32,7,848.0,547.0,40.0,18.0,1,5,0
32,8,299.5,555.5,73.5,33.0,1,5,0
32,4,624.0,511.0,110.0,37.0,1,4,0
33,2,771.0,497.0,91.0,42.0,1,4,0
33,7,884.0,539.5,43.0,19.0,1,5,0
33,8,284.75,547.0,77.5,31.0,1,5,0
33,4,643.0,503.75,111.0,35.75,1,4,0
34,2,771.5,502.5,89.0,41.0,1,4,0
34,7,901.5,546.5,43.0,18.0,1,5,0
34,8,241.88,554.5,86.12,31.0,1,5,0
34,4,643.5,506.25,111.0,38.75,1,4,0
35,2,774.5,501.25,93.0,41.25,1,4,0
35,7,929.0,549.5,45.0,17.0,1,5,0
35,8,200.62,560.0,93.38,32.0,1,5,0
35,4,662.0,506.0,101.0,39.0,1,4,0
36,2,775.5,498.75,94.0,42.25,1,4,0
36,7,949.0,548.0,48.0,19.0,1,5,0
36,8,142.12,550.5,107.5,37.0,1,5,0
36,4,651.5,503.5,111.0,38.0,1,4,0
37,2,766.5,504.25,95.0,41.75,1,4,0
37,7,962.0,553.5,54.0,19.0,1,5,0
37,8,67.25,567.5,120.75,37.0,1,5,0
37,4,651.0,510.75,103.0,37.25,1,4,0
38,2,765.0,501.5,98.0,41.0,1,4,0
38,7,992.5,552.5,52.5,18.0,1,5,0
38,8,0.25,566.0,132.75,36.0,1,5,0
38,4,642.5,507.25,114.0,38.25,1,4,0
39,2,779.5,500.0,92.0,43.0,1,4,0
39,7,1030.0,550.0,52.0,25.0,1,5,0
39,4,650.0,505.25,114.0,38.25,1,4,0
40,2,782.0,506.25,99.0,40.75,1,4,0
40,7,1059.0,551.5,60.0,28.0,1,5,0
40,4,666.0,511.25,109.0,37.75,1,4,0
41,2,794.0,500.75,96.0,40.25,1,4,0
41,7,1097.0,547.5,62.0,31.0,1,5,0
41,4,683.5,503.25,104.0,39.25,1,4,0
42,2,804.0,502.5,93.0,40.0,1,4,0
42,7,1134.0,550.0,62.0,33.0,1,5,0
42,4,687.5,508.25,103.0,35.25,1,4,0
42,5,337.75,502.25,134.0,45.75,1,4,0
43,2,805.0,503.75,95.0,42.75,1,4,0
43,7,1166.0,553.5,66.0,34.0,1,5,0
43,4,699.0,513.5,91.0,35.0,1,4,0
43,5,348.0,507.25,129.0,44.75,1,4,0
43,6,673.5,512.5,62.0,35.0,1,4,0
44,2,813.0,496.0,94.0,42.0,1,4,0
44,7,1205.0,549.0,72.0,35.0,1,5,0
44,4,682.5,503.25,115.0,35.25,1,4,0
45,2,823.0,503.75,87.0,42.25,1,4,0
45,7,1245.0,557.0,76.0,38.0,1,5,0
45,4,689.0,511.75,111.0,35.25,1,4,0
45,6,685.0,513.0,60.0,32.0,1,4,0
46,2,817.0,501.5,95.0,42.0,1,4,0
46,7,1289.0,556.0,76.0,39.0,1,5,0
46,4,706.5,505.5,97.0,39.0,1,4,0
46,6,685.0,509.0,63.0,37.0,1,4,0
47,2,815.5,505.0,98.0,44.0,1,4,0
47,7,1325.0,566.5,88.0,41.0,1,5,0
47,4,706.5,510.75,99.0,36.75,1,4,0
47,6,686.0,517.0,43.0,31.0,1,4,0
47,5,351.75,515.5,131.0,38.0,1,4,0
48,2,818.5,504.0,94.0,43.0,1,4,0
48,7,1372.0,562.5,92.0,41.0,1,5,0
48,4,694.0,510.5,110.0,38.0,1,4,0
49,2,816.5,505.5,96.0,44.0,1,4,0
49,7,1420.0,570.0,98.0,45.0,1,5,0
49,4,689.0,512.0,113.0,39.0,1,4,0
50,2,815.5,505.25,96.0,43.25,1,4,0
50,7,1474.0,570.5,102.0,44.0,1,5,0
50,4,684.0,511.5,117.0,39.0,1,4,0
51,2,809.5,504.25,97.0,44.25,1,4,0
51,7,1522.0,570.5,114.0,48.0,1,5,0
51,4,678.5,513.5,121.0,37.0,1,4,0
51,5,343.25,510.25,133.0,45.75,1,4,0
52,2,811.5,498.5,92.0,45.0,1,4,0
52,7,1588.0,575.0,116.0,49.0,1,5,0
52,4,688.0,505.75,108.0,38.75,1,4,0
52,6,677.0,509.0,81.0,36.0,1,4,0
53,2,800.0,506.0,98.0,44.0,1,4,0
53,7,1649.0,576.0,124.0,51.0,1,5,0
53,6,672.0,514.5,116.0,38.0,1,4,0
54,2,799.5,494.0,96.0,42.0,1,4,0
54,7,1712.0,574.0,136.0,57.0,1,5,0
54,6,666.5,500.5,80.0,36.0,1,4,0
54,4,674.0,500.25,110.0,36.25,1,4,0
55,2,790.5,507.25,98.0,42.75,1,4,0
55,7,1778.0,584.5,140.0,59.0,1,5,0
55,6,659.0,516.0,61.0,37.0,1,4,0
55,4,662.5,515.5,116.0,38.0,1,4,0
56,2,781.5,500.0,99.0,42.0,1,4,0
56,7,1846.0,598.5,74.0,42.0,1,5,0
56,6,651.5,506.75,66.0,36.75,1,4,0
56,4,675.0,504.25,94.0,38.25,1,4,0
57,2,774.5,499.75,97.0,43.75,1,4,0
57,4,646.0,503.75,118.0,41.25,1,4,0
58,2,759.0,506.0,99.0,42.0,1,4,0
58,4,629.5,512.0,117.0,36.0,1,4,0
59,2,756.5,496.0,93.0,44.0,1,4,0
59,6,637.5,502.0,102.0,36.0,1,4,0
60,2,738.5,496.75,98.0,43.75,1,4,0
60,6,626.5,502.0,100.0,37.0,1,4,0
61,2,729.0,507.5,92.0,42.0,1,4,0
61,6,592.5,515.5,88.0,36.0,1,4,0
61,4,601.0,515.0,116.0,37.0,1,4,0
62,2,711.5,493.5,95.0,43.0,1,4,0
62,4,578.0,500.75,121.0,35.25,1,4,0
63,2,690.5,504.5,100.0,42.0,1,4,0
63,6,567.0,512.0,123.0,37.0,1,4,0
64,2,682.5,496.75,89.0,43.75,1,4,0
64,4,562.0,503.0,103.0,36.0,1,4,0
65,2,660.5,496.0,99.0,44.0,1,4,0
65,4,531.5,501.75,119.0,38.75,1,4,0
66,2,637.0,497.5,101.0,43.0,1,4,0
66,4,513.5,502.75,120.0,38.25,1,4,0
67,2,620.5,494.25,98.0,42.75,1,4,0
67,4,494.0,500.75,114.0,37.75,1,4,0
68,2,601.0,500.5,98.0,43.0,1,4,0
68,4,494.5,506.5,97.0,36.0,1,4,0
68,5,470.25,509.75,68.75,33.25,1,4,0
69,2,576.5,501.0,98.0,44.0,1,4,0
69,4,463.75,506.75,98.25,39.75,1,4,0
69,5,443.25,508.25,70.25,37.25,1,4,0
70,2,557.0,481.0,102.0,43.0,1,4,0
70,4,448.0,487.75,100.0,36.25,1,4,0
71,6,536.5,511.0,92.0,43.0,1,4,0
71,5,411.25,517.5,110.75,39.0,1,4,0
72,2,508.75,470.75,94.75,44.25,1,4,0
72,4,386.5,478.5,107.0,38.0,1,4,0
73,6,488.75,513.5,99.25,43.0,1,4,0
73,5,379.25,520.0,96.0,36.0,1,4,0
74,6,469.75,491.75,96.75,44.75,1,4,0
74,4,339.0,495.5,117.0,40.0,1,4,0
75,6,485.75,492.0,89.75,44.0,1,4,0
75,4,362.25,500.75,104.5,38.25,1,4,0
76,6,486.5,494.75,98.0,44.25,1,4,0
76,4,356.25,501.75,117.5,40.75,1,4,0
77,6,519.5,484.0,89.0,43.0,1,4,0
77,4,381.0,493.0,119.0,39.0,1,4,0
78,6,540.5,481.25,101.0,39.75,1,4,0
78,4,423.5,486.75,104.5,33.25,1,4,0
79,6,561.0,497.75,100.0,41.75,1,4,0
79,4,455.0,504.25,96.5,36.25,1,4,0
80,6,580.5,490.25,100.0,42.25,1,4,0
80,4,455.5,497.0,114.0,38.0,1,4,0
81,6,599.0,491.5,100.0,43.0,1,4,0
81,4,468.0,496.75,117.0,37.75,1,4,0
82,6,610.0,491.25,100.0,42.75,1,4,0
82,4,479.5,497.75,116.0,37.25,1,4,0
83,6,628.0,495.75,94.0,44.75,1,4,0
83,4,511.5,502.75,99.0,35.75,1,4,0
84,6,635.5,511.0,97.0,42.0,1,4,0
84,4,511.75,519.0,107.75,35.0,1,4,0
85,6,648.0,500.0,95.0,45.0,1,4,0
85,4,513.5,506.75,118.0,40.25,1,4,0
86,6,646.5,502.5,95.0,45.0,1,4,0
86,4,525.5,509.0,103.0,36.0,1,4,0
87,6,652.5,490.5,90.0,45.0,1,4,0
87,4,512.5,496.0,117.0,41.0,1,4,0
88,6,640.5,498.5,99.0,45.0,1,4,0
88,4,522.0,503.0,104.0,38.0,1,4,0
89,6,644.0,492.75,97.0,46.25,1,4,0
89,4,511.25,500.25,117.75,39.75,1,4,0
90,6,654.0,493.25,89.0,45.75,1,4,0
90,4,513.5,502.0,118.0,38.0,1,4,0
90,5,157.12,500.25,138.88,46.75,1,4,0
91,6,655.0,498.0,92.0,45.0,1,4,0
91,4,525.5,502.25,109.0,40.25,1,4,0
91,5,159.75,498.0,139.75,47.0,1,4,0
92,6,647.5,493.25,102.0,43.25,1,4,0
92,4,515.5,501.0,122.0,38.0,1,4,0
92,5,160.0,498.25,142.5,47.75,1,4,0
93,6,645.5,496.0,101.0,44.0,1,4,0
93,4,521.5,503.25,114.0,37.25,1,4,0
94,6,650.0,497.0,93.0,44.0,1,4,0
94,4,530.5,503.0,98.0,39.0,1,4,0
95,6,627.5,498.75,101.0,44.75,1,4,0
95,4,495.5,503.25,122.0,41.25,1,4,0
96,6,607.5,493.0,102.0,44.0,1,4,0
96,4,483.25,500.0,113.75,37.0,1,4,0
96,5,117.19,494.0,140.56,46.0,1,4,0
97,6,583.5,493.75,104.0,44.75,1,4,0
97,4,454.0,502.25,120.0,35.75,1,4,0
97,5,91.56,499.0,143.69,47.0,1,4,0
98,6,576.0,495.25,93.0,43.25,1,4,0
98,4,436.25,500.0,121.75,40.0,1,4,0
98,5,74.88,497.25,142.75,47.75,1,4,0
99,6,579.5,499.5,84.0,44.0,1,4,0
99,4,428.75,505.75,118.25,38.25,1,4,0
99,5,65.94,502.5,142.31,48.0,1,4,0
100,6,581.5,484.75,89.0,43.75,1,4,0
100,4,433.25,492.75,122.25,40.75,1,4,0
101,6,595.0,492.5,98.0,45.0,1,4,0
101,4,464.75,498.75,114.25,36.25,1,4,0
101,5,89.56,494.5,166.94,47.0,1,4,0
102,6,629.5,487.25,90.0,43.75,1,4,0
102,4,498.75,493.75,106.25,39.75,1,4,0
102,5,118.19,496.0,141.06,44.0,1,4,0
103,6,643.0,488.0,101.0,43.5,1,4,0
103,4,513.5,495.5,115.0,38.0,1,4,0
104,6,664.5,497.5,101.0,45.0,1,4,0
104,4,536.0,502.0,116.0,40.0,1,4,0
104,5,167.62,498.25,135.88,46.75,1,4,0
105,6,682.0,496.5,98.0,45.0,1,4,0
105,4,557.0,502.0,106.0,41.0,1,4,0
106,6,690.0,489.0,99.0,44.5,1,4,0
106,4,558.0,497.0,116.0,38.0,1,4,0
106,5,179.88,496.0,143.12,44.0,1,4,0
107,6,693.0,508.25,101.0,45.75,1,4,0
107,4,564.0,516.5,115.0,38.0,1,4,0
107,5,188.5,514.0,142.0,46.0,1,4,0
108,6,705.0,494.5,101.0,45.0,1,4,0
108,4,586.0,502.5,104.0,37.0,1,4,0
108,5,194.62,499.0,147.38,48.0,1,4,0
109,6,714.0,520.0,97.0,46.0,1,4,0
109,4,578.0,526.0,117.0,40.0,1,4,0
110,6,722.5,498.5,101.0,47.0,1,4,0
110,4,591.5,504.75,117.0,42.25,1,4,0
110,5,209.25,504.25,152.5,48.25,1,4,0
111,6,738.0,505.5,94.0,44.0,1,4,0
111,4,590.0,512.0,124.0,39.0,1,4,0
111,5,220.25,508.0,148.5,46.0,1,4,0
112,6,738.5,503.75,104.0,44.25,1,4,0
112,4,605.0,510.75,121.0,38.25,1,4,0
113,6,751.0,496.0,100.0,43.0,1,4,0
113,4,628.0,500.0,107.0,41.0,1,4,0
113,5,237.5,498.75,150.0,48.75,1,4,0
114,6,764.0,495.75,98.0,43.25,1,4,0
114,4,623.0,500.0,125.0,39.0,1,4,0
114,5,247.25,495.25,166.5,49.75,1,4,0
115,6,767.0,495.5,100.0,45.0,1,4,0
115,4,636.0,503.25,115.0,38.75,1,4,0
115,5,252.25,500.0,153.5,49.0,1,4,0
116,6,767.0,495.0,104.0,44.0,1,4,0
116,4,635.5,499.25,121.0,40.25,1,4,0
116,5,258.75,495.5,147.0,49.0,1,4,0
117,6,766.0,495.5,101.0,46.0,1,4,0
117,4,634.5,503.5,117.0,38.0,1,4,0
117,5,252.5,498.75,158.5,48.75,1,4,0
118,6,770.0,505.75,96.0,44.25,1,4,0
118,4,622.5,511.75,125.0,40.75,1,4,0
119,6,760.0,495.25,101.0,46.25,1,4,0
119,4,638.0,501.5,107.0,40.0,1,4,0
119,5,246.12,494.5,154.38,49.0,1,4,0
120,6,754.0,507.25,103.0,45.25,1,4,0
120,4,619.5,515.0,120.0,40.0,1,4,0
120,5,242.0,512.0,169.0,50.0,1,4,0
121,6,756.0,489.25,94.0,46.75,1,4,0
121,4,606.5,495.75,125.0,41.25,1,4,0
122,6,742.0,501.5,99.0,45.0,1,4,0
122,4,603.5,506.0,122.0,42.0,1,4,0
122,5,221.5,503.0,152.0,48.0,1,4,0
123,6,730.0,504.25,103.0,43.25,1,4,0
123,4,590.0,510.0,128.0,40.0,1,4,0
123,5,218.25,508.5,151.5,47.0,1,4,0
124,6,724.0,497.0,95.0,45.0,1,4,0
124,4,590.5,503.75,111.0,38.25,1,4,0
124,5,204.62,497.25,152.38,50.25,1,4,0
125,6,712.0,494.75,98.0,43.75,1,4,0
125,4,585.5,500.25,108.0,38.75,1,4,0
125,5,191.12,496.25,172.88,50.75,1,4,0
126,6,700.0,500.5,100.0,45.0,1,4,0
126,4,556.5,507.25,128.0,41.25,1,4,0
126,5,185.75,506.25,163.5,47.75,1,4,0
127,6,698.5,497.0,98.0,46.0,1,4,0
127,4,565.5,503.25,114.0,40.25,1,4,0
127,5,180.62,498.0,152.88,50.0,1,4,0
128,6,710.0,498.5,88.0,47.0,1,4,0
128,4,561.5,504.25,122.0,42.75,1,4,0
129,6,708.5,500.5,88.0,46.0,1,4,0
129,4,561.0,506.25,121.0,41.25,1,4,0
130,6,707.5,491.25,86.0,46.25,1,4,0
130,4,568.5,500.75,115.0,38.25,1,4,0
130,5,186.0,494.25,155.0,50.25,1,4,0
131,6,710.0,496.0,84.0,47.0,1,4,0
131,4,559.5,501.5,123.0,43.0,1,4,0
132,6,711.0,491.5,81.0,46.0,1,4,0
132,4,556.0,499.0,125.0,40.0,1,4,0
132,5,195.5,493.0,142.0,50.0,1,4,0
133,6,713.5,498.5,78.0,47.0,1,4,0
133,4,568.5,504.0,113.0,43.0,1,4,0
134,6,710.0,493.0,77.0,46.0,1,4,0
134,4,571.0,500.0,105.0,40.0,1,4,0
134,5,178.88,497.25,151.62,49.75,1,4,0
135,6,706.0,497.5,76.0,47.0,1,4,0
135,4,546.5,504.25,123.0,40.75,1,4,0
135,5,177.0,502.5,147.0,47.0,1,4,0
136,6,705.5,494.0,76.0,46.0,1,4,0
136,4,546.0,501.5,125.0,40.0,1,4,0
136,5,178.38,499.0,147.12,50.0,1,4,0
137,6,699.0,493.25,75.0,46.75,1,4,0
137,4,560.0,501.75,103.0,39.75,1,4,0
137,5,165.38,497.5,152.12,50.0,1,4,0
138,6,695.0,497.0,75.0,48.0,1,4,0
138,4,555.5,503.75,105.0,40.25,1,4,0
139,6,689.0,493.75,74.0,47.25,1,4,0
139,4,548.0,503.0,104.0,38.0,1,4,0
139,5,161.5,496.75,161.5,51.25,1,4,0
140,6,681.0,494.0,74.0,46.0,1,4,0
140,4,542.0,502.5,106.0,38.0,1,4,0
140,5,153.5,497.5,147.5,50.0,1,4,0
141,6,675.0,492.5,72.0,47.0,1,4,0
141,4,516.0,499.0,124.0,41.0,1,4,0
141,5,162.38,496.5,132.62,49.0,1,4,0
142,6,667.0,495.5,69.0,48.0,1,4,0
142,4,522.0,502.5,112.0,39.0,1,4,0
142,5,142.38,499.25,144.62,49.25,1,4,0
143,6,664.5,495.75,67.0,48.25,1,4,0
143,4,525.5,501.5,105.0,43.0,1,4,0
143,5,140.0,502.75,143.75,47.75,1,4,0
144,6,660.5,488.5,64.0,48.0,1,4,0
144,4,497.25,495.5,125.25,41.0,1,4,0
144,5,130.25,493.0,149.5,50.0,1,4,0
145,6,662.0,496.5,66.0,49.0,1,4,0
145,4,509.5,505.5,117.0,39.0,1,4,0
146,6,678.0,488.25,65.0,47.75,1,4,0
146,4,537.0,493.5,107.0,42.0,1,4,0
147,6,704.0,484.75,62.0,48.75,1,4,0
147,4,541.5,494.0,125.0,40.0,1,4,0
147,5,176.0,490.0,143.0,49.0,1,4,0
148,6,726.0,489.75,59.0,47.75,1,4,0
148,4,565.0,497.0,123.0,41.0,1,4,0
148,5,197.0,492.75,146.5,49.75,1,4,0
149,6,744.5,491.5,60.0,47.0,1,4,0
149,4,586.0,502.25,119.0,39.75,1,4,0
149,5,213.25,500.5,144.5,51.0,1,4,0
150,6,755.0,493.25,64.0,50.75,1,4,0
150,4,605.5,502.5,112.0,40.0,1,4,0
150,5,226.0,504.5,147.0,50.0,1,4,0
151,6,759.0,487.5,68.0,51.0,1,4,0
151,4,596.0,495.25,124.0,41.25,1,4,0
151,5,266.75,492.25,116.5,46.75,1,4,0
152,6,742.0,485.5,79.0,53.0,1,4,0
152,4,606.5,492.0,106.0,43.0,1,4,0
152,5,213.5,488.75,149.0,49.75,1,4,0
153,6,731.0,485.5,88.0,53.0,1,4,0
153,4,581.5,494.25,121.0,40.75,1,4,0
153,5,208.5,491.75,144.5,49.25,1,4,0
154,6,713.5,488.5,94.0,53.0,1,4,0
154,4,560.0,496.5,124.0,41.0,1,4,0
154,5,191.5,495.75,144.0,47.75,1,4,0
155,6,697.5,491.25,100.0,51.25,1,4,0
155,4,553.5,500.0,115.0,42.0,1,4,0
155,5,172.75,506.5,149.5,50.0,1,4,0
156,6,682.5,492.75,107.0,52.25,1,4,0
156,4,531.0,499.75,122.0,40.25,1,4,0
157,6,665.0,494.25,112.0,51.25,1,4,0
157,4,529.0,500.5,107.0,41.0,1,4,0
157,5,140.25,495.25,150.5,51.25,1,4,0
158,6,653.5,485.75,117.0,52.75,1,4,0
158,4,502.75,492.25,122.25,41.75,1,4,0
158,5,125.62,491.0,148.88,49.0,1,4,0
159,6,630.5,500.5,119.0,50.0,1,4,0
159,4,478.25,503.25,124.75,39.75,1,4,0
159,5,106.62,498.75,147.5,50.25,1,4,0
160,6,616.5,500.75,120.0,47.75,1,4,0
160,4,477.5,501.25,107.0,41.25,1,4,0
160,5,92.0,501.25,142.75,48.25,1,4,0
161,6,602.0,502.75,124.0,45.25,1,4,0
161,4,449.75,500.75,119.75,40.75,1,4,0
162,6,583.0,506.5,134.0,48.0,1,4,0
162,4,426.75,506.75,122.25,41.25,1,4,0
162,5,45.69,504.25,154.56,50.25,1,4,0
163,6,567.5,499.5,141.0,47.0,1,4,0
163,4,402.25,499.25,125.25,41.25,1,4,0
163,5,30.5,495.5,150.38,50.0,1,4,0
164,6,551.5,506.75,148.0,49.25,1,4,0
164,4,381.0,508.5,123.5,41.0,1,4,0
164,5,6.88,508.5,150.25,51.0,1,4,0
165,6,535.0,506.0,150.0,49.0,1,4,0
165,4,378.0,510.0,106.5,39.0,1,4,0
165,5,0.69,506.75,137.31,51.25,1,4,0
166,6,528.0,502.5,141.0,46.0,1,4,0
166,4,345.25,499.0,122.0,42.0,1,4,0
166,5,1.03,495.5,125.22,52.0,1,4,0
167,6,529.0,512.0,156.0,48.0,1,4,0
167,4,339.5,510.75,123.5,42.75,1,4,0
167,5,2.31,510.0,116.62,52.0,1,4,0
168,6,544.0,493.75,163.0,50.25,1,4,0
168,4,344.5,493.0,123.0,41.0,1,4,0
168,5,0.0,489.75,120.62,48.25,1,4,0
169,6,570.5,498.5,181.0,48.0,1,4,0
169,4,374.0,495.5,110.0,40.0,1,4,0
169,5,6.38,491.5,135.25,51.0,1,4,0
170,6,589.0,501.25,210.0,50.25,1,4,0
170,4,392.0,499.0,102.0,43.0,1,4,0
171,6,612.0,498.25,223.0,48.75,1,4,0
171,4,380.25,492.25,122.5,41.75,1,4,0
171,5,2.75,491.75,155.88,48.75,1,4,0
172,6,630.0,499.5,201.0,55.0,1,4,0
172,4,404.5,502.5,103.5,39.0,1,4,0
172,5,7.69,500.25,150.56,49.25,1,4,0
173,6,648.5,499.25,236.0,52.25,1,4,0
173,4,390.25,499.75,122.75,40.25,1,4,0
173,5,21.81,497.5,147.19,50.0,1,4,0
174,6,668.0,498.0,240.0,51.0,1,4,0
174,4,415.0,494.0,104.0,41.0,1,4,0
174,5,13.62,491.75,175.38,52.75,1,4,0
175,6,691.5,502.0,245.0,59.0,1,4,0
175,4,420.0,508.75,106.0,40.25,1,4,0
175,5,51.69,508.25,124.56,47.75,1,4,0
176,6,709.5,501.5,242.0,54.0,1,4,0
176,4,417.5,499.5,112.5,41.0,1,4,0
176,5,24.44,495.75,156.56,51.25,1,4,0
177,6,731.0,500.5,253.0,55.0,1,4,0
177,4,432.5,501.0,102.0,38.0,1,4,0
177,5,29.12,496.0,159.88,51.0,1,4,0
178,6,751.5,503.5,251.0,57.0,1,4,0
178,4,414.25,504.0,124.25,44.0,1,4,0
179,6,765.0,498.25,254.0,59.25,1,4,0
179,4,432.0,500.75,106.0,40.25,1,4,0
179,5,44.62,497.5,144.88,51.0,1,4,0
180,6,772.5,497.0,251.5,59.0,1,4,0
180,4,400.5,497.0,126.0,41.0,1,4,0
180,5,16.19,492.0,155.06,51.0,1,4,0
181,6,772.5,499.75,247.0,56.25,1,4,0
181,4,401.25,500.5,108.5,42.0,1,4,0
181,5,3.06,498.5,154.19,51.0,1,4,0
182,6,773.5,496.75,241.0,52.75,1,4,0
182,4,391.25,493.0,102.0,41.0,1,4,0
183,6,747.5,493.75,260.0,65.25,1,4,0
183,4,368.25,502.0,106.5,39.0,1,4,0
183,5,0.0,498.5,123.69,51.0,1,4,0
184,6,738.5,497.75,261.0,58.75,1,4,0
184,4,356.75,500.5,106.0,41.0,1,4,0
184,5,0.0,497.25,108.75,52.25,1,4,0
185,6,735.0,493.75,260.0,61.25,1,4,0
185,4,333.0,494.75,124.5,44.25,1,4,0
185,5,0.0,490.5,102.44,52.0,1,4,0
186,6,734.0,492.75,258.0,63.75,1,4,0
186,4,351.5,501.0,103.0,40.0,1,4,0
186,5,0.0,495.5,94.62,48.0,1,4,0
187,6,724.0,490.25,255.0,64.75,1,4,0
187,4,319.75,499.75,124.5,38.75,1,4,0
187,5,0.0,494.5,90.5,50.0,1,4,0
188,6,723.5,493.5,254.0,66.0,1,4,0
188,4,342.5,503.5,104.5,38.0,1,4,0
188,5,0.0,497.75,92.88,52.25,1,4,0
189,6,719.0,501.0,246.0,63.0,1,4,0
189,4,332.25,508.5,114.5,41.0,1,4,0
189,5,0.22,506.0,91.91,52.0,1,4,0
190,6,712.0,494.0,247.0,66.0,1,4,0
190,4,330.75,502.5,117.0,41.0,1,4,0
190,5,0.0,498.25,90.88,51.75,1,4,0
191,6,699.0,499.5,245.0,59.0,1,4,0
191,4,340.75,501.75,106.0,40.75,1,4,0
191,5,0.0,496.25,95.0,52.75,1,4,0
192,6,696.0,501.25,229.0,53.75,1,4,0
192,4,323.0,497.0,120.5,43.0,1,4,0
193,6,690.0,502.75,220.0,52.25,1,4,0
193,4,336.0,497.25,105.5,42.25,1,4,0
193,5,0.0,494.0,89.38,54.0,1,4,0
194,6,686.5,500.75,210.0,57.25,1,4,0
194,4,336.0,502.0,108.0,41.0,1,4,0
194,5,0.0,498.5,84.62,54.0,1,4,0
195,6,682.0,507.0,199.0,53.0,1,4,0
195,4,330.0,502.0,121.0,42.0,1,4,0
195,5,0.0,500.0,90.38,52.0,1,4,0
196,6,675.0,499.5,193.0,63.0,1,4,0
196,4,350.5,504.5,105.5,40.0,1,4,0
196,5,0.0,497.75,94.94,53.25,1,4,0
197,6,667.0,499.75,184.0,58.75,1,4,0
197,4,346.75,501.25,110.5,41.75,1,4,0
197,5,0.0,497.75,98.25,52.75,1,4,0
198,6,652.5,491.5,179.0,67.0,1,4,0
198,4,352.5,499.75,105.5,41.75,1,4,0
198,5,0.0,494.5,96.69,54.0,1,4,0
199,6,635.5,492.75,173.0,66.25,1,4,0
199,4,351.5,501.25,110.0,40.75,1,4,0
199,5,-0.0,499.25,104.25,47.25,1,4,0
200,6,624.0,481.0,164.0,72.0,1,4,0
200,4,352.25,493.5,110.0,41.0,1,4,0
200,5,0.0,488.75,100.88,51.25,1,4,0
201,6,581.5,484.0,189.0,76.0,1,4,0
201,4,348.0,498.75,119.0,42.75,1,4,0
201,5,0.0,495.0,102.5,48.0,1,4,0
202,6,590.0,483.5,158.0,77.0,1,4,0
202,4,360.0,498.75,107.0,43.75,1,4,0
203,6,544.0,482.5,179.0,77.0,1,4,0
203,4,353.5,500.0,112.5,41.0,1,4,0
203,5,0.0,496.0,104.25,51.0,1,4,0
204,6,520.0,480.5,177.0,80.0,1,4,0
204,4,350.0,500.5,109.0,41.0,1,4,0
204,5,0.09,494.75,97.78,50.25,1,4,0
205,6,496.5,479.0,170.0,83.0,1,4,0
205,4,350.5,500.5,103.5,41.0,1,4,0
205,5,0.0,495.0,93.62,53.0,1,4,0
206,6,473.25,478.5,166.75,84.0,1,4,0
206,4,333.75,497.75,116.5,42.75,1,4,0
206,5,0.03,493.0,89.09,52.0,1,4,0
207,6,448.5,481.5,165.0,87.0,1,4,0
207,4,325.5,501.25,119.0,44.75,1,4,0
208,6,423.0,476.25,165.0,90.75,1,4,0
208,4,325.5,500.5,103.0,42.0,1,4,0
209,6,398.5,474.25,166.5,92.75,1,4,0
209,4,306.25,500.75,111.5,40.75,1,4,0
209,5,0.12,494.5,66.75,52.0,1,4,0
210,6,370.75,476.25,172.25,96.75,1,4,0
210,4,318.5,503.25,87.5,40.75,1,4,0
211,6,349.0,470.0,178.0,100.0,1,4,0
211,4,294.75,497.5,81.5,45.0,1,4,0
212,6,331.5,469.25,187.0,103.75,1,4,0
213,6,318.5,468.5,197.0,107.0,1,4,0
214,6,305.75,464.0,212.75,111.0,1,4,0
214,5,0.06,490.5,96.88,46.0,1,4,0
215,6,299.5,466.25,233.5,115.75,1,4,0
216,6,302.0,472.0,250.0,121.0,1,4,0
217,6,278.0,463.75,276.5,128.75,1,4,0
217,16,527.0,497.25,85.0,39.25,1,4,0
218,6,242.62,442.5,307.88,137.0,1,4,0
218,16,495.25,480.0,67.75,39.0,1,4,0
218,17,98.25,570.5,260.5,138.0,1,5,0
219,6,215.88,457.25,330.62,141.25,1,4,0
219,16,496.0,498.25,98.0,38.25,1,4,0
219,17,277.0,586.5,209.0,111.0,1,5,0
220,6,157.25,469.25,371.75,148.75,1,4,0
220,16,497.25,514.0,101.75,40.0,1,4,0
220,17,397.75,588.5,170.25,103.0,1,5,0
221,6,115.0,450.5,375.5,138.0,1,4,0
221,16,504.5,474.75,114.0,43.25,1,4,0
221,17,500.5,545.5,135.0,97.0,1,5,0
222,6,117.0,456.0,341.0,142.0,1,4,0
222,16,514.0,483.75,111.0,42.25,1,4,0
222,17,577.0,550.5,102.0,85.0,1,5,0
223,6,30.75,476.75,384.0,154.25,1,4,0
223,16,508.75,510.0,124.25,42.0,1,4,0
223,17,627.0,568.5,82.0,76.0,1,5,0
224,6,1.38,458.5,381.12,159.0,1,4,0
224,16,528.0,490.75,128.0,44.25,1,4,0
224,17,656.0,545.5,77.0,62.0,1,5,0
225,6,3.5,460.5,340.25,163.0,1,4,0
225,16,552.0,493.5,129.0,41.0,1,4,0
225,17,673.0,543.5,71.0,56.0,1,5,0
226,6,1.25,460.0,300.75,181.0,1,4,0
226,16,579.0,502.25,128.0,41.75,1,4,0
226,17,694.0,551.5,75.0,54.0,1,5,0
226,4,198.75,498.5,136.0,52.0,1,4,0
227,6,1.06,474.25,236.44,185.25,1,4,0
227,16,605.0,513.0,129.0,42.0,1,4,0
227,17,711.5,556.0,64.0,49.0,1,5,0
228,6,1.0,433.0,182.75,204.0,1,4,0
228,16,642.0,496.5,125.0,43.0,1,4,0
228,17,731.5,538.0,61.0,46.0,1,5,0
228,18,751.5,490.5,75.0,42.0,1,4,0
229,6,0.0,483.75,105.38,170.25,1,4,0
229,16,672.5,498.75,115.0,43.75,1,4,0
229,17,743.5,541.0,61.0,41.0,1,5,0
229,18,770.0,496.25,78.0,39.75,1,4,0
229,4,254.12,498.75,159.88,50.75,1,4,0
230,16,699.5,509.5,109.0,42.0,1,4,0
230,17,755.5,550.5,57.0,40.0,1,5,0
230,18,802.0,501.5,68.0,46.0,1,4,0
230,4,287.75,516.5,149.0,38.0,1,4,0
231,16,722.5,514.0,99.0,38.0,1,4,0
231,17,762.0,550.5,55.0,34.0,1,5,0
231,18,696.5,513.5,73.0,40.0,1,4,0
232,16,738.5,505.75,100.0,37.25,1,4,0
232,17,761.0,543.5,53.0,33.0,1,5,0
232,18,712.0,508.75,68.0,40.25,1,4,0
232,4,304.5,513.5,162.0,43.0,1,4,0
233,16,742.0,510.25,100.0,39.75,1,4,0
233,17,748.0,547.5,50.0,30.0,1,5,0
233,18,711.5,511.5,77.0,39.0,1,4,0
234,16,739.5,507.75,71.0,32.75,1,4,0
234,17,731.5,537.5,47.0,33.0,1,5,0
234,18,737.0,508.0,60.0,27.0,1,4,0
235,16,717.0,508.0,122.0,45.0,1,4,0
235,17,705.0,541.5,47.0,31.0,1,5,0
236,16,703.5,508.0,118.0,44.0,1,4,0
236,17,673.5,546.0,41.0,21.0,1,5,0
237,16,672.5,519.0,133.0,48.0,1,4,0
237,17,639.5,558.0,45.0,20.0,1,5,0
237,4,268.0,519.0,162.5,47.0,1,4,0
238,16,660.0,526.0,132.0,43.0,1,4,0
238,17,603.5,561.0,48.0,19.0,1,5,0
238,4,258.5,528.0,159.0,46.0,1,4,0
239,16,649.5,502.0,133.0,48.0,1,4,0
240,16,648.0,506.5,131.0,43.0,1,4,0
240,19,540.5,542.5,54.0,20.0,1,1,0
241,16,653.5,514.5,124.0,41.0,1,4,0
241,19,513.0,549.0,45.0,15.0,1,1,0
242,16,639.0,486.5,131.0,44.0,1,4,0
243,16,618.5,490.75,133.0,42.75,1,4,0
243,20,971.0,485.5,118.0,46.0,1,4,0
243,18,738.5,484.25,80.0,45.75,1,4,0
244,16,591.0,491.75,135.0,42.75,1,4,0
244,20,918.0,486.25,150.0,46.75,1,4,0
244,4,189.5,501.5,167.5,41.0,1,4,0
245,16,556.5,494.0,133.0,43.0,1,4,0
245,20,895.5,490.75,139.5,46.75,1,4,0
246,16,527.0,498.75,126.0,43.75,1,4,0
246,20,848.5,495.0,148.0,47.0,1,4,0
246,4,114.62,502.75,161.88,46.25,1,4,0
247,16,481.0,491.25,132.0,43.25,1,4,0
247,20,833.0,483.5,120.0,46.5,1,4,0
247,4,105.38,496.25,132.25,43.75,1,4,0
247,18,805.5,488.25,44.0,38.75,1,4,0
248,16,450.0,488.25,134.0,43.75,1,4,0
248,20,813.0,483.0,114.0,46.5,1,4,0
248,4,51.5,490.0,155.75,48.0,1,4,0
249,16,428.0,492.5,135.0,45.0,1,4,0
249,20,758.0,488.5,148.0,45.5,1,4,0
249,4,20.06,495.75,161.19,49.25,1,4,0
250,16,429.5,487.75,116.0,43.25,1,4,0
250,20,746.0,488.75,93.0,40.75,1,4,0
250,4,49.38,498.25,112.88,37.25,1,4,0
251,16,402.0,473.75,136.5,45.25,1,4,0
252,16,409.5,479.75,135.0,44.75,1,4,0
252,20,742.0,478.25,101.0,42.75,1,4,0
253,16,424.0,473.75,138.5,44.75,1,4,0
253,4,30.0,482.75,139.5,44.75,1,4,0
254,16,483.75,485.0,116.75,40.0,1,4,0
254,18,800.5,482.5,67.0,40.5,1,4,0
255,16,503.25,475.5,139.75,44.0,1,4,0
255,18,847.0,476.0,40.0,38.0,1,4,0
255,4,119.5,482.75,119.0,42.25,1,4,0
256,16,542.5,473.5,140.0,45.5,1,4,0
256,4,146.75,479.75,125.75,46.75,1,4,0
257,16,564.0,468.5,143.0,45.0,1,4,0
257,4,117.06,470.25,175.44,51.75,1,4,0
258,16,589.0,469.0,132.0,46.5,1,4,0
258,4,120.44,473.75,173.81,47.75,1,4,0
259,16,577.0,477.75,145.0,45.25,1,4,0
259,4,111.19,481.75,181.56,47.25,1,4,0
259,18,935.0,482.0,46.0,35.5,1,4,0
260,16,556.0,482.5,150.0,42.5,1,4,0
260,4,79.5,481.25,192.5,52.75,1,4,0
261,16,516.0,495.25,149.0,47.25,1,4,0
261,18,927.0,488.25,114.0,53.25,1,4,0
262,16,468.5,495.25,152.0,48.75,1,4,0
262,18,844.0,493.75,163.0,48.75,1,4,0
262,4,5.75,494.75,167.25,56.25,1,4,0
263,16,420.0,494.5,155.0,51.0,1,4,0
263,18,799.5,491.25,164.0,50.75,1,4,0
263,24,952.0,511.75,48.0,28.75,1,4,0
263,4,0.28,498.75,119.59,56.25,1,4,0
264,16,373.75,489.0,157.25,51.0,1,4,0
264,18,755.5,491.5,110.0,47.0,1,4,0
265,16,329.75,491.75,158.0,51.25,1,4,0
266,16,330.0,497.0,137.5,49.0,1,4,0
267,16,325.0,501.5,160.5,52.0,1,4,0
268,16,390.75,502.75,164.25,52.75,1,4,0
269,16,507.75,504.75,165.75,51.75,1,4,0
269,4,0.5,498.75,173.25,64.25,1,4,0
270,16,656.5,516.0,58.0,42.0,1,4,0
270,18,681.0,502.5,147.0,55.0,1,4,0
271,4,12.38,503.5,131.5,54.0,1,4,0
272,4,0.42,483.75,54.27,54.25,1,4,0
272,18,465.25,492.0,242.75,71.0,1,4,0
272,20,199.5,505.0,142.0,52.0,1,4,0
273,18,417.75,506.75,143.25,50.75,1,4,0
273,20,270.25,514.5,56.0,37.0,1,4,0
274,16,653.5,500.0,138.0,59.0,1,4,0
275,16,738.5,511.0,106.0,40.0,1,4,0
280,18,238.12,503.5,116.38,47.0,1,4,0
282,31,121.12,456.0,453.38,112.0,1,4,0
282,16,887.5,513.0,129.0,78.0,1,4,0
283,31,130.5,442.75,236.5,98.75,1,4,0
284,34,365.0,451.5,236.0,98.5,1,4,0
285,34,572.0,451.5,232.0,105.0,1,4,0
285,37,801.0,471.25,458.0,115.25,1,4,0
286,34,750.0,482.75,227.0,105.75,1,4,0
286,37,978.0,501.75,454.0,117.25,1,4,0
287,34,923.0,487.5,234.0,104.0,1,4,0
287,37,1145.0,506.0,460.0,119.0,1,4,0
287,20,148.0,511.5,34.5,22.0,1,4,0
288,34,1078.0,476.5,232.0,102.0,1,4,0
288,37,1307.0,491.25,452.0,118.75,1,4,0
289,34,1241.0,482.75,226.0,99.25,1,4,0
289,37,1466.0,495.5,448.0,120.0,1,4,0
289,41,273.0,503.25,27.5,19.75,1,4,0
290,34,1393.0,484.25,222.0,100.25,1,4,0
290,37,1613.0,503.5,306.0,114.0,1,4,0
290,42,424.75,502.5,27.5,18.5,1,4,0
291,34,1553.0,483.75,220.0,100.75,1,4,0
291,37,1774.0,497.0,146.0,111.0,1,4,0
291,43,587.0,503.0,29.0,19.0,1,4,0
292,34,1719.0,489.5,200.0,101.0,1,4,0
292,44,755.5,512.0,30.0,20.0,1,4,0
292,24,959.0,513.0,37.0,21.0,1,4,0
292,20,22.25,497.25,71.62,37.75,1,4,0
293,24,921.0,507.5,31.0,19.0,1,4,0
294,46,1102.0,518.5,30.0,19.0,1,4,0
295,47,1279.0,522.5,28.0,19.0,1,4,0
296,50,1436.0,521.0,28.0,19.0,1,4,0
297,50,1555.0,525.0,28.0,19.0,1,4,0
297,51,724.0,531.0,22.0,14.0,1,5,0
297,52,1758.0,526.5,38.0,21.0,1,4,0
298,50,1644.0,527.0,28.0,19.0,1,4,0
298,51,815.0,536.0,22.0,15.0,1,5,0
298,52,1763.0,537.0,38.0,12.0,1,4,0
298,24,871.0,521.5,65.0,23.0,1,4,0
299,50,1703.0,524.0,30.0,19.0,1,4,0
299,51,873.5,531.5,22.0,14.0,1,5,0
300,51,908.0,534.5,21.0,12.0,1,5,0
300,52,1738.0,527.0,28.0,18.0,1,4,0
