1,1,557.5,495.75,91.0,16.0,1,6,0
1,2,670.5,492.75,150.0,21.25,1,6,0
1,3,1766.0,530.5,32.0,10.0,1,2,0
2,1,562.0,498.5,90.0,16.0,1,6,0
2,2,676.5,496.75,150.0,20.75,1,6,0
2,3,1773.0,533.5,30.0,12.0,1,2,0
3,1,566.5,499.5,87.0,15.5,1,6,0
3,2,679.5,498.5,147.0,19.5,1,6,0
3,3,1777.0,535.5,30.0,10.0,1,2,0
4,1,574.5,498.5,92.0,16.5,1,6,0
4,2,689.5,496.25,151.0,21.25,1,6,0
4,3,1789.0,532.0,32.0,11.0,1,2,0
5,1,585.0,497.5,91.0,15.0,1,6,0
5,2,698.0,496.25,151.0,20.25,1,6,0
5,3,1799.0,532.0,32.0,11.0,1,2,0
6,1,601.0,522.0,92.0,17.0,1,6,0
6,2,715.0,519.0,152.0,22.0,1,6,0
6,3,1818.0,552.0,30.0,11.0,1,2,0
7,1,617.0,518.5,93.0,16.0,1,6,0
7,2,731.0,517.0,151.0,21.0,1,6,0
7,3,1837.0,549.0,30.0,11.0,1,2,0
8,1,631.0,517.5,93.0,17.0,1,6,0
8,2,745.5,515.5,152.0,22.0,1,6,0
8,3,1852.0,549.5,32.0,10.0,1,2,0
9,1,649.0,519.0,91.0,17.0,1,6,0
9,2,762.0,518.0,152.0,20.0,1,6,0
9,3,1870.0,550.0,32.0,9.0,1,2,0
10,1,668.5,527.5,92.0,17.0,1,6,0
10,2,781.5,525.5,151.0,20.0,1,6,0
10,3,1891.0,554.0,22.0,8.0,1,2,0
11,1,680.5,533.5,90.0,14.0,1,6,0
11,2,795.0,529.0,151.0,21.0,1,6,0
11,3,1910.0,551.0,10.0,9.0,1,2,0
12,1,699.0,524.5,92.0,17.0,1,6,0
12,2,812.5,521.5,152.0,21.0,1,6,0
13,1,710.5,523.0,91.0,17.0,1,6,0
13,2,823.5,518.5,153.0,22.0,1,6,0
14,1,729.5,517.5,93.0,16.0,1,6,0
14,2,842.0,515.0,152.0,21.0,1,6,0
15,1,744.0,513.0,92.0,16.0,1,6,0
15,2,858.0,510.25,152.0,21.25,1,6,0
16,1,765.0,509.25,92.0,17.75,1,6,0
16,2,875.0,509.75,153.0,19.75,1,6,0
17,1,781.5,510.25,90.0,16.25,1,6,0
17,2,893.0,510.25,151.0,19.25,1,6,0
18,1,796.0,511.5,88.0,16.0,1,6,0
18,2,906.5,513.0,151.5,19.0,1,6,0
19,1,813.5,517.5,89.0,15.0,1,6,0
19,2,926.0,518.0,152.0,20.0,1,6,0
20,1,829.5,523.0,91.0,17.0,1,6,0
20,2,941.5,522.0,153.5,21.0,1,6,0
21,1,842.0,525.5,94.0,14.0,1,6,0
21,2,955.0,523.5,154.0,21.0,1,6,0
22,1,863.0,508.5,91.0,16.0,1,6,0
22,2,975.5,505.5,153.5,22.0,1,6,0
23,1,878.5,483.75,91.0,16.5,1,6,0
23,2,991.5,480.25,153.5,21.5,1,6,0
24,1,896.5,479.25,95.0,17.0,1,6,0
24,2,1010.5,477.5,154.5,21.5,1,6,0
25,1,914.0,483.5,91.0,16.5,1,6,0
25,2,1026.0,480.75,154.0,21.0,1,6,0
26,1,935.0,489.25,91.0,16.0,1,6,0
26,2,1048.0,486.5,154.0,20.5,1,6,0
27,1,949.5,506.25,91.5,14.75,1,6,0
27,2,1062.0,502.75,154.0,22.25,1,6,0
28,1,967.5,509.0,91.5,16.0,1,6,0
28,2,1081.0,507.5,154.0,21.0,1,6,0
29,1,985.5,509.0,92.5,16.0,1,6,0
29,2,1098.0,507.25,156.0,22.25,1,6,0
30,1,1004.0,502.5,92.0,16.0,1,6,0
30,2,1117.0,501.5,154.0,22.0,1,6,0
31,1,1029.0,497.5,92.0,16.0,1,6,0
31,2,1145.0,496.75,154.0,22.75,1,6,0
32,1,1053.0,497.25,94.0,16.25,1,6,0
32,2,1167.0,496.75,156.0,23.25,1,6,0
33,1,1075.0,504.5,92.0,16.0,1,6,0
33,2,1187.0,505.5,156.0,21.0,1,6,0
34,1,1103.0,533.5,92.0,16.0,1,6,0
34,2,1216.0,533.0,154.0,23.0,1,6,0
35,1,1124.0,537.0,92.0,16.0,1,6,0
35,2,1239.0,536.5,154.0,23.0,1,6,0
36,1,1142.0,537.5,94.0,16.0,1,6,0
36,2,1256.0,536.5,154.0,22.0,1,6,0
37,1,1169.0,531.5,92.0,16.0,1,6,0
37,2,1284.0,528.5,154.0,23.0,1,6,0
38,1,1190.0,526.0,92.0,15.0,1,6,0
38,2,1304.0,521.0,154.0,23.0,1,6,0
39,1,1216.0,513.5,90.0,15.0,1,6,0
39,2,1328.0,510.0,156.0,23.0,1,6,0
40,1,1231.0,507.5,92.0,16.0,1,6,0
40,2,1346.0,502.5,154.0,24.0,1,6,0
41,1,1245.0,512.5,92.0,15.0,1,6,0
41,2,1359.0,509.5,156.0,22.0,1,6,0
42,1,1257.0,524.0,92.0,15.0,1,6,0
42,2,1373.0,522.5,154.0,22.0,1,6,0
43,1,1265.0,529.0,92.0,16.0,1,6,0
43,2,1379.0,528.5,156.0,22.0,1,6,0
44,1,1274.0,537.0,92.0,16.0,1,6,0
44,2,1387.0,535.5,156.0,22.0,1,6,0
45,1,1282.0,540.0,92.0,16.0,1,6,0
45,2,1396.0,540.5,156.0,22.0,1,6,0
46,1,1290.0,532.0,94.0,15.0,1,6,0
46,2,1406.0,530.5,156.0,23.0,1,6,0
47,1,1298.0,534.5,90.0,15.0,1,6,0
47,2,1412.0,534.0,156.0,23.0,1,6,0
48,1,1301.0,534.5,94.0,15.0,1,6,0
48,2,1418.0,534.5,156.0,22.0,1,6,0
49,1,1305.0,528.0,94.0,15.0,1,6,0
49,2,1421.0,524.5,156.0,24.0,1,6,0
50,1,1306.0,518.0,92.0,15.0,1,6,0
50,2,1421.0,513.0,158.0,24.0,1,6,0
51,1,1303.0,513.0,92.0,15.0,1,6,0
51,2,1420.0,507.0,156.0,23.0,1,6,0
52,1,1293.0,515.0,92.0,16.0,1,6,0
52,2,1409.0,510.5,156.0,23.0,1,6,0
53,1,1275.0,516.5,92.0,16.0,1,6,0
53,2,1391.0,511.75,156.0,22.25,1,6,0
54,1,1250.0,525.5,92.0,15.0,1,6,0
54,2,1367.0,522.0,156.0,23.0,1,6,0
55,1,1230.0,522.5,92.0,16.0,1,6,0
55,2,1346.0,521.0,158.0,23.0,1,6,0
56,1,1201.0,517.5,92.0,15.0,1,6,0
56,2,1319.0,518.0,156.0,23.0,1,6,0
57,1,1177.0,512.0,92.0,16.0,1,6,0
57,2,1295.0,511.75,156.0,22.25,1,6,0
58,1,1156.0,509.75,92.0,15.75,1,6,0
58,2,1274.0,509.5,158.0,23.0,1,6,0
59,1,1123.0,507.5,92.0,15.0,1,6,0
59,2,1241.0,507.0,158.0,23.0,1,6,0
60,1,1099.0,505.25,94.0,15.75,1,6,0
60,2,1218.0,501.25,158.0,23.25,1,6,0
61,1,1066.0,506.0,92.0,16.0,1,6,0
61,2,1185.0,500.0,158.0,23.0,1,6,0
62,1,1046.0,507.0,96.0,16.0,1,6,0
62,2,1166.0,501.0,158.0,23.0,1,6,0
63,1,1011.5,506.75,93.5,16.25,1,6,0
63,2,1130.0,500.75,160.0,22.75,1,6,0
64,1,988.5,502.25,92.5,16.75,1,6,0
64,2,1109.0,496.5,158.0,23.5,1,6,0
65,1,954.5,507.5,94.5,16.0,1,6,0
65,2,1075.0,503.5,158.0,23.0,1,6,0
66,1,930.0,512.5,95.0,16.0,1,6,0
66,2,1051.0,509.5,158.0,23.0,1,6,0
67,1,899.0,523.5,92.0,15.0,1,6,0
67,2,1018.5,518.5,159.5,23.0,1,6,0
68,1,875.0,530.0,94.0,15.0,1,6,0
68,2,995.5,525.5,159.5,22.0,1,6,0
69,1,845.5,521.0,92.0,16.0,1,6,0
69,2,964.0,516.5,160.0,23.0,1,6,0
70,1,823.0,511.75,92.0,16.25,1,6,0
70,2,942.5,506.25,159.5,23.25,1,6,0
71,1,805.5,499.75,94.0,17.25,1,6,0
71,2,926.5,495.0,159.5,23.0,1,6,0
72,1,786.5,492.75,95.0,16.5,1,6,0
72,2,906.0,486.0,160.0,24.0,1,6,0
73,1,773.0,493.25,92.0,16.0,1,6,0
73,2,891.5,487.5,160.5,22.0,1,6,0
74,1,760.0,508.25,95.0,16.75,1,6,0
74,2,881.0,501.5,160.0,23.0,1,6,0
75,1,751.5,513.5,95.0,17.0,1,6,0
75,2,872.5,508.0,159.5,24.0,1,6,0
76,1,750.5,516.5,93.0,17.0,1,6,0
76,2,870.0,510.0,161.0,24.0,1,6,0
77,1,748.0,520.0,94.0,17.0,1,6,0
77,2,868.5,513.5,146.0,22.0,1,6,0
78,1,748.0,519.5,93.0,16.0,1,6,0
78,2,868.5,514.0,147.0,21.0,1,6,0
79,1,747.0,520.0,94.0,16.0,1,6,0
79,2,867.0,513.0,162.0,23.0,1,6,0
80,1,747.0,517.0,93.0,16.0,1,6,0
80,2,867.5,509.5,160.5,23.0,1,6,0
81,1,747.5,515.5,94.0,16.0,1,6,0
81,2,868.5,507.5,160.5,23.0,1,6,0
82,1,749.5,513.0,94.0,16.0,1,6,0
82,2,871.0,504.5,160.0,24.0,1,6,0
83,1,752.0,511.75,93.0,16.25,1,6,0
83,2,873.0,503.0,159.0,24.0,1,6,0
84,1,755.0,515.0,94.0,16.0,1,6,0
84,2,876.0,506.0,161.0,23.0,1,6,0
85,1,756.0,512.5,93.0,16.0,1,6,0
85,2,875.5,502.5,162.5,25.0,1,6,0
86,1,757.0,511.5,95.0,16.0,1,6,0
86,2,879.0,502.5,161.0,24.0,1,6,0
87,1,761.0,507.5,95.0,16.0,1,6,0
87,2,882.0,498.25,162.0,24.75,1,6,0
88,1,764.0,504.5,94.0,17.0,1,6,0
88,2,885.5,498.75,161.5,22.25,1,6,0
89,1,770.5,504.25,93.0,15.75,1,6,0
89,2,891.0,500.5,156.0,22.0,1,6,0
90,1,776.0,508.75,94.0,15.25,1,6,0
90,2,898.0,505.25,161.0,22.25,1,6,0
91,1,782.0,512.0,92.0,16.0,1,6,0
91,2,903.0,509.5,159.0,22.0,1,6,0
92,1,786.5,516.0,92.0,15.0,1,6,0
92,2,908.0,511.75,162.0,22.25,1,6,0
93,1,793.0,517.5,96.0,16.0,1,6,0
93,2,913.5,511.5,164.5,23.0,1,6,0
94,1,801.0,515.5,95.0,17.0,1,6,0
94,2,923.0,507.25,163.0,24.25,1,6,0
95,1,810.5,495.25,95.0,16.0,1,6,0
95,2,931.5,486.75,162.5,24.5,1,6,0
96,1,817.0,482.25,94.0,16.5,1,6,0
96,2,938.0,475.5,164.0,23.0,1,6,0
97,1,823.0,490.25,95.0,16.5,1,6,0
97,2,944.0,481.75,164.0,23.5,1,6,0
98,1,828.0,503.5,95.0,16.5,1,6,0
98,2,950.0,497.0,162.0,24.5,1,6,0
99,1,834.0,504.0,95.0,17.0,1,6,0
99,2,956.0,501.25,162.0,22.75,1,6,0
100,1,838.5,471.75,95.0,16.0,1,6,0
100,2,960.5,470.0,163.5,23.5,1,6,0
101,1,845.0,463.0,96.0,16.5,1,6,0
101,2,968.5,459.75,163.5,24.0,1,6,0
102,1,851.0,455.0,94.0,16.0,1,6,0
102,2,972.5,451.0,163.5,23.5,1,6,0
103,1,854.5,455.75,94.0,16.5,1,6,0
103,2,976.0,451.5,164.0,24.0,1,6,0
104,1,856.0,467.25,95.0,15.5,1,6,0
104,2,976.5,461.75,164.5,24.0,1,6,0
105,1,857.0,473.75,95.0,16.5,1,6,0
105,2,978.5,467.0,164.5,24.5,1,6,0
106,1,862.5,480.0,95.0,16.0,1,6,0
106,2,984.5,474.0,165.5,23.5,1,6,0
107,1,865.5,480.75,95.0,16.0,1,6,0
107,2,988.5,475.0,165.5,24.5,1,6,0
108,1,872.5,489.75,96.0,16.5,1,6,0
108,2,993.0,483.5,166.0,24.0,1,6,0
109,1,875.5,502.5,94.0,15.5,1,6,0
109,2,997.0,493.5,164.0,25.5,1,6,0
110,1,876.0,497.75,94.0,15.75,1,6,0
110,2,998.0,489.25,164.0,24.75,1,6,0
111,1,875.0,499.25,94.0,15.75,1,6,0
111,2,997.0,492.75,164.0,25.25,1,6,0
112,1,876.0,496.25,95.0,15.5,1,6,0
112,2,999.0,490.0,164.0,24.5,1,6,0
113,1,878.0,487.5,95.0,16.5,1,6,0
113,2,1000.0,480.75,166.0,24.5,1,6,0
114,1,879.5,484.25,92.0,15.5,1,6,0
114,2,999.0,478.0,166.0,25.0,1,6,0
115,1,875.5,486.0,94.0,16.0,1,6,0
115,2,995.5,480.25,165.5,23.5,1,6,0
116,1,867.0,493.5,96.0,17.0,1,6,0
116,2,989.0,488.75,166.0,24.25,1,6,0
117,1,863.0,499.5,95.0,16.0,1,6,0
117,2,985.0,495.0,166.0,25.5,1,6,0
118,1,856.0,504.5,95.0,16.0,1,6,0
118,2,978.0,499.75,166.0,25.25,1,6,0
119,1,851.0,472.0,96.0,16.5,1,6,0
119,2,972.5,469.25,166.5,24.5,1,6,0
120,1,847.5,463.5,95.0,17.5,1,6,0
120,2,969.0,460.25,168.0,25.5,1,6,0
121,1,844.0,452.0,94.0,16.0,1,6,0
121,2,966.0,448.0,168.0,24.5,1,6,0
122,1,842.0,435.0,96.0,17.5,1,6,0
122,2,965.0,431.25,168.0,25.5,1,6,0
123,1,842.0,444.5,96.0,16.0,1,6,0
123,2,964.0,439.75,168.0,25.5,1,6,0
124,1,840.0,455.75,96.0,16.5,1,6,0
124,2,961.0,448.75,168.0,25.0,1,6,0
125,1,837.5,503.75,96.0,15.25,1,6,0
125,2,960.5,495.25,167.5,25.25,1,6,0
126,1,834.5,532.0,97.0,16.0,1,6,0
126,2,959.0,523.5,168.0,25.0,1,6,0
127,1,834.5,537.0,97.0,17.0,1,6,0
127,2,959.0,530.0,166.0,24.0,1,6,0
128,1,836.5,515.0,96.0,17.0,1,6,0
128,2,960.0,507.75,168.0,25.25,1,6,0
129,1,837.5,515.5,97.0,16.0,1,6,0
129,2,961.0,510.0,168.0,24.0,1,6,0
130,1,839.0,513.0,95.0,15.0,1,6,0
130,2,961.0,506.75,168.0,26.25,1,6,0
131,1,838.0,501.25,95.0,15.75,1,6,0
131,2,960.0,495.5,168.0,25.0,1,6,0
132,1,837.0,492.25,96.0,16.0,1,6,0
132,2,960.5,485.75,169.5,25.0,1,6,0
133,1,836.5,490.75,97.0,16.0,1,6,0
133,2,960.5,483.0,169.5,27.0,1,6,0
134,1,839.0,491.25,97.0,17.0,1,6,0
134,2,962.5,484.5,171.5,26.0,1,6,0
135,1,842.5,487.5,96.0,17.0,1,6,0
135,2,966.0,482.25,170.0,25.0,1,6,0
136,1,843.0,485.75,97.0,16.5,1,6,0
136,2,965.0,479.5,172.0,25.0,1,6,0
137,1,845.0,491.0,96.0,17.0,1,6,0
137,2,968.5,483.0,170.5,26.0,1,6,0
138,1,845.5,496.5,96.0,16.5,1,6,0
138,2,969.0,488.5,170.0,25.5,1,6,0
139,1,847.0,503.5,97.0,16.0,1,6,0
139,2,971.0,495.5,170.0,26.0,1,6,0
140,1,848.0,508.75,97.0,16.25,1,6,0
140,2,972.5,503.0,170.5,25.0,1,6,0
141,1,850.5,512.0,96.0,17.0,1,6,0
141,2,973.5,506.25,171.5,25.25,1,6,0
142,1,855.0,510.75,97.0,16.25,1,6,0
142,2,980.0,505.5,172.0,25.0,1,6,0
143,1,859.0,504.0,96.0,17.0,1,6,0
143,2,983.0,498.5,172.0,26.0,1,6,0
144,1,864.5,495.5,97.0,16.0,1,6,0
144,2,988.0,491.0,172.0,25.5,1,6,0
145,1,869.0,489.5,97.0,16.0,1,6,0
145,2,992.5,482.75,173.5,26.5,1,6,0
146,1,876.5,500.25,96.0,16.25,1,6,0
146,2,1001.5,492.0,171.5,26.5,1,6,0
147,1,879.0,502.25,98.0,16.75,1,6,0
147,2,1005.0,493.75,172.0,25.25,1,6,0
148,1,887.0,504.75,95.0,16.25,1,6,0
148,2,1011.0,497.5,172.0,24.5,1,6,0
149,1,894.0,507.0,94.0,16.0,1,6,0
149,2,1017.5,498.5,173.5,26.0,1,6,0
150,1,897.5,509.25,96.0,15.25,1,6,0
150,2,1021.5,500.25,173.5,25.75,1,6,0
151,1,897.5,509.0,96.0,16.0,1,6,0
151,2,1022.0,499.5,172.0,27.0,1,6,0
152,1,900.0,506.25,97.0,16.75,1,6,0
152,2,1025.0,500.5,172.0,26.0,1,6,0
153,1,902.0,505.0,99.0,16.0,1,6,0
153,2,1028.0,499.5,174.0,27.0,1,6,0
154,1,912.0,508.5,97.0,16.0,1,6,0
154,2,1037.0,506.5,174.0,25.0,1,6,0
155,1,921.0,518.0,97.0,16.0,1,6,0
155,2,1046.0,513.0,174.0,26.0,1,6,0
156,1,927.0,526.0,98.0,17.0,1,6,0
156,2,1052.0,522.5,174.0,26.0,1,6,0
157,1,929.0,527.0,98.0,16.0,1,6,0
157,2,1055.0,524.5,174.0,25.0,1,6,0
158,1,933.5,518.5,97.5,16.0,1,6,0
158,2,1058.0,513.0,176.0,27.0,1,6,0
159,1,938.0,503.75,97.0,15.75,1,6,0
159,2,1062.0,496.25,176.0,25.75,1,6,0
160,1,939.5,500.75,97.5,16.75,1,6,0
160,2,1065.0,490.5,174.0,28.0,1,6,0
161,1,941.0,530.0,96.0,16.0,1,6,0
161,2,1065.0,517.5,176.0,28.0,1,6,0
162,1,936.0,541.0,97.0,17.0,1,6,0
162,2,1061.0,533.0,176.0,25.0,1,6,0
163,1,935.5,548.0,97.5,16.0,1,6,0
163,2,1060.0,539.0,176.0,26.0,1,6,0
164,1,936.0,549.5,97.0,16.0,1,6,0
164,2,1060.0,541.5,178.0,26.0,1,6,0
165,1,938.0,545.5,98.0,17.0,1,6,0
165,2,1064.0,538.0,176.0,27.0,1,6,0
166,1,939.0,528.0,97.0,16.0,1,6,0
166,2,1065.0,521.0,176.0,26.0,1,6,0
167,1,937.0,529.0,96.0,16.0,1,6,0
167,2,1062.0,522.5,176.0,27.0,1,6,0
168,1,934.5,532.0,94.5,15.0,1,6,0
168,2,1060.0,526.5,174.0,25.0,1,6,0
169,1,929.5,530.0,97.5,15.0,1,6,0
169,2,1055.0,525.0,176.0,26.0,1,6,0
169,6,150.62,533.0,22.75,10.0,1,2,0
170,1,930.0,525.5,95.0,15.0,1,6,0
170,2,1056.0,519.5,176.0,26.0,1,6,0
170,6,149.0,529.5,23.25,9.0,1,2,0
171,1,929.0,520.5,97.0,17.0,1,6,0
171,2,1055.0,515.0,176.0,25.0,1,6,0
171,6,145.5,529.0,24.5,8.0,1,2,0
172,1,929.0,521.0,96.0,16.0,1,6,0
172,2,1055.0,514.0,176.0,26.0,1,6,0
172,6,144.38,530.0,24.75,8.0,1,2,0
173,1,926.5,536.5,98.5,17.0,1,6,0
173,2,1053.0,528.0,176.0,27.0,1,6,0
174,1,923.0,541.5,97.0,16.0,1,6,0
174,2,1049.0,532.5,178.0,26.0,1,6,0
175,1,922.5,543.5,96.0,16.0,1,6,0
175,2,1048.0,534.0,178.0,26.0,1,6,0
175,7,1192.0,535.5,34.0,24.0,1,6,0
176,1,922.0,543.0,98.0,16.0,1,6,0
176,2,1050.0,534.5,178.0,26.0,1,6,0
176,7,1194.0,536.0,34.0,24.0,1,6,0
177,1,926.5,533.5,98.5,16.0,1,6,0
177,2,1054.0,526.0,178.0,26.0,1,6,0
178,1,934.0,522.5,99.0,17.0,1,6,0
178,2,1062.0,514.0,178.0,28.0,1,6,0
179,1,943.0,556.0,97.0,16.0,1,6,0
179,2,1070.0,546.5,178.0,28.0,1,6,0
180,1,946.5,559.5,99.5,16.0,1,6,0
180,2,1075.0,554.0,178.0,26.0,1,6,0
181,1,956.0,552.5,99.0,16.0,1,6,0
181,2,1084.0,546.5,178.0,27.0,1,6,0
182,1,963.0,547.0,99.0,16.0,1,6,0
182,2,1091.0,542.0,180.0,26.0,1,6,0
182,6,163.25,545.5,25.25,7.0,1,2,0
183,1,973.0,546.0,99.0,17.0,1,6,0
183,2,1100.0,540.5,180.0,27.0,1,6,0
183,6,175.12,548.0,26.75,7.0,1,2,0
184,1,978.5,559.0,97.5,16.0,1,6,0
184,2,1106.0,550.5,178.0,27.0,1,6,0
185,1,980.5,554.0,98.5,16.0,1,6,0
185,2,1109.0,545.0,180.0,26.0,1,6,0
186,1,983.5,553.5,97.5,16.0,1,6,0
186,2,1110.0,544.0,180.0,27.0,1,6,0
187,1,984.5,559.5,97.5,16.0,1,6,0
187,2,1112.0,549.0,180.0,26.0,1,6,0
188,1,983.5,566.5,96.5,16.0,1,6,0
188,2,1112.0,557.0,178.0,27.0,1,6,0
188,6,175.5,578.5,24.75,7.0,1,2,0
189,1,982.0,571.5,98.0,15.0,1,6,0
189,2,1111.0,564.5,178.0,26.0,1,6,0
189,6,172.38,573.5,26.25,7.0,1,2,0
190,1,981.0,575.0,98.0,16.0,1,6,0
190,2,1109.0,569.5,178.0,27.0,1,6,0
191,1,980.5,555.5,98.5,16.0,1,6,0
191,2,1110.0,551.0,180.0,26.0,1,6,0
191,6,167.75,549.0,27.0,7.0,1,2,0
192,1,982.0,549.0,98.0,17.0,1,6,0
192,2,1112.0,545.0,178.0,26.0,1,6,0
192,6,168.25,543.5,27.0,8.0,1,2,0
193,1,984.0,538.0,98.0,16.0,1,6,0
193,2,1112.0,531.5,182.0,28.0,1,6,0
193,6,166.62,537.5,28.0,8.0,1,2,0
194,1,987.0,531.5,98.0,16.0,1,6,0
194,2,1115.0,523.0,180.0,28.0,1,6,0
194,6,169.38,541.5,25.5,8.0,1,2,0
195,1,990.5,524.5,97.5,16.0,1,6,0
195,2,1120.0,514.0,180.0,28.0,1,6,0
195,6,170.12,542.0,26.0,8.0,1,2,0
196,1,993.0,514.5,98.0,16.0,1,6,0
196,2,1121.0,504.0,182.0,27.0,1,6,0
196,6,173.25,542.0,25.0,8.0,1,2,0
197,1,992.5,520.0,98.5,16.0,1,6,0
197,2,1120.0,510.5,182.0,27.0,1,6,0
197,6,173.38,542.0,20.75,8.0,1,2,0
198,1,992.0,520.5,98.0,15.0,1,6,0
198,2,1120.0,509.5,182.0,28.0,1,6,0
198,6,172.75,541.5,23.25,8.0,1,2,0
199,1,989.5,524.0,95.5,16.0,1,6,0
199,2,1116.0,512.5,182.0,30.0,1,6,0
199,6,166.38,542.0,23.25,7.0,1,2,0
200,1,983.0,533.5,98.0,16.0,1,6,0
200,2,1112.0,524.0,182.0,29.0,1,6,0
200,6,159.38,539.5,27.25,8.0,1,2,0
201,1,977.5,543.0,98.5,16.0,1,6,0
201,2,1106.0,537.0,182.0,26.0,1,6,0
201,6,153.5,543.0,25.5,7.0,1,2,0
201,7,1255.0,539.5,34.0,24.0,1,6,0
202,1,974.0,546.0,97.0,16.0,1,6,0
202,2,1102.0,540.5,182.0,27.0,1,6,0
202,6,146.88,544.5,26.75,8.0,1,2,0
203,1,968.5,533.0,97.5,16.0,1,6,0
203,2,1100.0,528.0,180.0,27.0,1,6,0
204,1,961.5,532.5,98.5,16.0,1,6,0
204,2,1091.0,527.5,182.0,26.0,1,6,0
204,6,132.12,537.5,25.75,7.0,1,2,0
205,1,956.0,534.0,96.0,15.0,1,6,0
205,2,1084.0,526.5,182.0,27.0,1,6,0
205,6,124.75,543.0,26.5,8.0,1,2,0
206,1,946.0,534.0,98.0,16.0,1,6,0
206,2,1076.0,526.5,182.0,27.0,1,6,0
206,6,114.81,549.5,25.19,7.0,1,2,0
207,1,940.0,534.0,97.0,15.0,1,6,0
207,2,1069.0,525.5,182.0,27.0,1,6,0
207,6,104.94,551.0,25.81,7.0,1,2,0
208,1,928.0,527.5,99.0,15.0,1,6,0
208,2,1058.0,517.5,184.0,28.0,1,6,0
208,6,94.0,544.0,26.25,8.0,1,2,0
209,1,919.5,502.0,99.0,16.5,1,6,0
209,2,1050.0,494.25,182.0,27.25,1,6,0
209,7,1200.0,495.0,34.0,25.0,1,6,0
210,1,908.5,503.25,99.0,15.25,1,6,0
210,2,1039.0,498.0,182.0,25.5,1,6,0
210,7,1188.0,498.5,34.0,25.0,1,6,0
211,1,894.0,503.0,100.0,17.0,1,6,0
211,2,1024.0,500.0,182.0,25.0,1,6,0
211,7,1173.0,499.25,34.0,26.75,1,6,0
211,6,54.22,509.0,33.03,8.0,1,2,0
212,1,881.0,499.75,100.0,17.25,1,6,0
212,2,1011.5,494.25,182.5,27.75,1,6,0
212,6,38.88,511.75,31.5,7.75,1,2,0
213,1,869.0,497.0,99.0,16.5,1,6,0
213,2,998.5,490.25,182.5,28.25,1,6,0
213,6,25.78,510.25,27.44,6.75,1,2,0
214,1,857.5,496.5,98.0,15.5,1,6,0
214,2,988.5,489.5,182.5,27.5,1,6,0
214,6,10.87,509.25,26.29,8.25,1,2,0
214,7,1135.0,491.5,40.0,24.0,1,6,0
215,1,842.5,498.25,99.0,16.75,1,6,0
215,2,974.0,491.5,182.0,27.0,1,6,0
215,6,0.0,515.0,20.12,8.0,1,2,0
216,1,832.0,502.75,96.0,16.25,1,6,0
216,2,960.0,494.5,184.0,26.0,1,6,0
216,6,0.02,502.75,8.58,27.75,1,2,0
217,1,812.0,509.25,98.0,16.75,1,6,0
217,2,941.5,498.75,184.5,28.25,1,6,0
218,1,796.5,514.5,95.0,15.0,1,6,0
218,2,925.0,504.25,184.0,26.75,1,6,0
219,1,781.0,516.5,99.0,16.0,1,6,0
219,2,911.5,507.5,185.5,27.0,1,6,0
220,1,764.5,516.0,101.0,17.0,1,6,0
220,2,896.0,508.25,184.0,25.25,1,6,0
221,1,751.0,512.0,100.0,18.0,1,6,0
221,2,882.0,504.5,186.0,27.0,1,6,0
222,1,737.0,515.5,100.0,17.0,1,6,0
222,2,870.0,507.25,182.0,25.75,1,6,0
223,1,723.0,519.0,101.0,17.0,1,6,0
223,2,854.5,510.0,185.5,26.0,1,6,0
224,1,710.5,520.5,99.0,16.0,1,6,0
224,2,842.0,510.0,185.0,28.0,1,6,0
225,1,697.0,520.0,99.0,17.0,1,6,0
225,2,827.5,511.25,186.0,26.25,1,6,0
226,1,683.5,518.5,98.0,17.0,1,6,0
226,2,815.0,507.75,184.0,29.25,1,6,0
227,1,661.0,513.0,99.0,18.0,1,6,0
227,2,791.5,506.25,186.0,28.25,1,6,0
228,1,642.5,510.75,101.0,17.25,1,6,0
228,2,775.0,504.25,185.0,27.75,1,6,0
229,1,613.5,507.75,100.0,16.25,1,6,0
229,2,745.5,500.75,187.0,28.25,1,6,0
230,1,595.5,511.5,99.0,16.0,1,6,0
230,2,727.5,503.25,186.0,25.75,1,6,0
231,1,576.0,514.5,97.0,16.0,1,6,0
231,2,705.0,506.0,187.0,28.0,1,6,0
232,1,552.0,514.5,100.0,17.0,1,6,0
232,2,681.5,509.0,187.0,26.0,1,6,0
233,1,536.0,510.75,99.0,17.75,1,6,0
233,2,665.5,504.0,187.0,27.0,1,6,0
234,1,525.5,503.5,100.0,16.5,1,6,0
234,2,656.0,492.5,188.0,29.5,1,6,0
235,1,515.0,501.5,100.0,17.0,1,6,0
235,2,645.0,490.5,187.0,28.5,1,6,0
236,1,509.75,501.0,98.75,16.5,1,6,0
236,2,640.5,488.75,187.0,29.25,1,6,0
237,1,506.75,497.25,98.25,16.25,1,6,0
237,2,638.5,485.25,183.0,27.75,1,6,0
238,1,507.0,495.75,101.0,16.75,1,6,0
238,2,640.0,481.0,187.0,30.0,1,6,0
239,1,511.75,495.25,100.25,17.25,1,6,0
239,2,642.5,481.25,189.0,29.0,1,6,0
240,1,516.5,486.5,101.0,17.0,1,6,0
240,2,647.5,471.5,188.0,30.5,1,6,0
241,1,524.0,504.25,100.0,17.25,1,6,0
241,2,653.5,487.5,189.0,30.5,1,6,0
242,1,529.5,501.0,100.0,17.5,1,6,0
242,2,659.5,487.75,189.0,28.75,1,6,0
243,1,535.0,500.25,98.0,16.25,1,6,0
243,2,665.0,491.0,188.0,27.5,1,6,0
244,1,544.0,506.25,99.0,15.25,1,6,0
244,2,672.0,496.5,190.0,28.0,1,6,0
245,1,554.5,510.25,100.0,16.25,1,6,0
245,2,685.0,504.0,188.0,27.0,1,6,0
246,1,570.5,518.0,100.0,16.0,1,6,0
246,2,699.5,510.0,191.0,28.0,1,6,0
247,1,587.0,521.5,99.0,16.0,1,6,0
247,2,716.0,514.0,189.0,27.0,1,6,0
248,1,605.0,512.0,100.0,17.0,1,6,0
248,2,733.5,505.0,191.0,28.0,1,6,0
249,1,620.0,509.75,100.0,17.25,1,6,0
249,2,749.5,499.0,190.0,30.0,1,6,0
250,1,640.0,504.75,103.0,17.75,1,6,0
250,2,770.5,493.25,191.0,29.75,1,6,0
251,1,656.5,504.5,101.0,17.0,1,6,0
251,2,785.5,492.5,190.0,29.0,1,6,0
252,1,676.0,503.75,102.0,17.75,1,6,0
252,2,806.5,489.75,190.0,30.25,1,6,0
253,1,691.0,502.25,104.0,18.25,1,6,0
253,2,823.0,490.75,190.0,29.75,1,6,0
254,1,712.5,504.0,100.0,17.0,1,6,0
254,2,842.0,497.0,189.0,26.5,1,6,0
255,1,732.0,509.0,100.0,18.0,1,6,0
255,2,860.0,501.0,191.0,29.0,1,6,0
256,1,744.5,516.5,101.0,16.0,1,6,0
256,2,873.5,509.25,190.5,28.75,1,6,0
257,1,760.0,526.0,100.0,17.0,1,6,0
257,2,890.5,517.5,189.5,29.0,1,6,0
258,1,773.5,533.0,100.0,17.0,1,6,0
258,2,903.5,526.0,191.5,29.0,1,6,0
259,1,785.5,536.0,101.0,17.0,1,6,0
259,2,914.0,529.0,192.0,27.0,1,6,0
260,1,805.0,526.5,101.0,17.0,1,6,0
260,2,934.5,515.0,190.5,32.0,1,6,0
261,1,828.0,508.0,101.0,17.0,1,6,0
261,2,955.5,496.75,193.5,30.25,1,6,0
262,1,849.0,495.0,101.0,16.5,1,6,0
262,2,977.0,482.5,192.0,31.0,1,6,0
263,1,878.0,483.75,100.0,17.0,1,6,0
263,2,1006.0,475.75,192.0,29.0,1,6,0
264,1,899.5,479.5,101.0,17.0,1,6,0
264,2,1028.0,471.25,192.0,29.5,1,6,0
265,1,929.0,482.5,100.0,17.0,1,6,0
265,2,1059.0,475.75,192.0,28.5,1,6,0
266,1,951.0,508.0,102.0,16.0,1,6,0
266,2,1080.0,497.75,194.0,30.25,1,6,0
267,1,983.5,511.25,99.5,16.25,1,6,0
267,2,1112.0,505.25,192.0,29.75,1,6,0
268,1,1007.0,511.25,100.0,16.75,1,6,0
268,2,1134.0,502.75,194.0,30.25,1,6,0
269,1,1031.0,511.25,104.0,16.25,1,6,0
269,2,1162.0,504.25,192.0,29.25,1,6,0
270,1,1062.0,516.0,102.0,17.0,1,6,0
270,2,1191.0,509.75,192.0,29.25,1,6,0
271,1,1081.0,521.5,100.0,16.0,1,6,0
271,2,1209.0,514.5,194.0,30.0,1,6,0
272,1,1100.0,524.5,100.0,16.0,1,6,0
272,2,1230.0,518.0,192.0,30.0,1,6,0
273,1,1119.0,528.0,100.0,15.0,1,6,0
273,2,1248.0,521.5,192.0,29.0,1,6,0
274,1,1131.0,532.5,98.0,15.0,1,6,0
274,2,1259.0,526.0,194.0,30.0,1,6,0
274,10,113.19,525.0,28.81,10.0,1,2,0
275,1,1138.0,529.0,102.0,16.0,1,6,0
275,2,1269.0,523.5,194.0,30.0,1,6,0
275,10,120.94,519.5,29.19,9.0,1,2,0
276,1,1146.0,535.5,100.0,16.0,1,6,0
276,2,1275.0,531.0,196.0,29.0,1,6,0
276,10,121.69,517.0,32.31,10.0,1,2,0
277,1,1151.0,533.5,100.0,16.0,1,6,0
277,2,1281.0,532.0,194.0,30.0,1,6,0
277,10,127.38,510.0,30.75,9.0,1,2,0
278,1,1157.0,521.0,102.0,17.0,1,6,0
278,2,1288.0,519.0,194.0,29.0,1,6,0
278,10,133.38,502.75,27.5,9.75,1,2,0
279,1,1160.0,513.0,102.0,16.0,1,6,0
279,2,1290.0,510.5,194.0,30.0,1,6,0
280,1,1168.0,500.0,100.0,15.0,1,6,0
280,2,1297.0,494.75,196.0,30.25,1,6,0
281,1,1169.0,500.25,102.0,15.25,1,6,0
281,2,1300.0,493.5,196.0,29.5,1,6,0
282,1,1173.0,503.75,102.0,16.25,1,6,0
282,2,1304.0,493.75,196.0,30.75,1,6,0
283,1,1175.0,515.0,102.0,17.0,1,6,0
283,2,1306.0,505.5,196.0,31.0,1,6,0
284,1,1181.0,522.5,100.0,16.0,1,6,0
284,2,1312.0,511.75,196.0,30.25,1,6,0
285,1,1182.0,529.5,102.0,15.0,1,6,0
285,2,1313.0,518.0,196.0,31.0,1,6,0
285,10,142.62,542.0,27.75,8.0,1,2,0
286,1,1182.0,529.5,102.0,16.0,1,6,0
286,2,1314.0,523.5,196.0,30.0,1,6,0
286,10,136.62,528.5,30.75,9.0,1,2,0
287,1,1183.0,524.5,100.0,16.0,1,6,0
287,2,1314.0,518.5,196.0,30.0,1,6,0
287,10,135.0,520.0,31.25,9.0,1,2,0
288,1,1180.0,515.5,102.0,16.0,1,6,0
288,2,1313.0,510.75,196.0,31.75,1,6,0
288,10,129.5,501.0,31.0,9.0,1,2,0
289,1,1179.0,509.0,100.0,16.0,1,6,0
289,2,1311.0,505.5,196.0,32.0,1,6,0
289,10,126.56,486.0,32.94,9.5,1,2,0
290,1,1179.0,502.5,102.0,15.5,1,6,0
290,2,1311.0,497.75,198.0,31.75,1,6,0
290,10,126.56,487.75,32.31,8.5,1,2,0
291,1,1177.0,498.0,100.0,16.0,1,6,0
291,2,1310.0,492.5,196.0,32.0,1,6,0
291,10,119.38,487.0,34.25,9.0,1,2,0
292,1,1172.0,507.75,102.0,15.75,1,6,0
292,2,1306.0,497.25,198.0,31.75,1,6,0
292,10,114.25,513.5,32.0,9.0,1,2,0
293,1,1164.0,507.5,104.0,16.0,1,6,0
293,2,1298.0,497.0,198.0,31.0,1,6,0
293,10,107.62,518.5,30.88,10.0,1,2,0
294,1,1152.0,507.75,102.0,15.25,1,6,0
294,2,1286.0,496.25,200.0,31.25,1,6,0
294,10,88.38,530.0,32.75,11.0,1,2,0
295,1,1140.0,513.0,100.0,16.0,1,6,0
295,2,1274.0,499.0,196.0,32.0,1,6,0
295,10,72.56,533.0,33.5,10.0,1,2,0
296,1,1120.0,513.5,102.0,16.0,1,6,0
296,2,1254.0,501.0,200.0,31.0,1,6,0
296,10,54.25,545.0,28.12,10.0,1,2,0
297,1,1095.0,521.0,102.0,16.0,1,6,0
297,2,1229.0,512.5,198.0,31.0,1,6,0
297,10,23.56,524.5,33.19,9.0,1,2,0
298,1,1069.0,521.0,102.0,17.0,1,6,0
298,2,1204.0,513.5,198.0,31.0,1,6,0
298,10,1.34,524.0,32.88,10.0,1,2,0
299,1,1043.0,519.5,102.0,17.0,1,6,0
299,2,1179.0,512.5,198.0,31.0,1,6,0
300,1,1007.0,513.5,102.0,16.0,1,6,0
300,2,1142.0,509.5,200.0,31.0,1,6,0
301,1,980.0,533.5,102.0,17.0,1,6,0
301,2,1117.0,526.5,198.0,31.0,1,6,0
302,1,941.0,530.5,102.0,16.0,1,6,0
302,2,1077.0,524.5,200.0,31.0,1,6,0
303,1,911.0,533.5,101.0,16.0,1,6,0
303,2,1049.0,524.5,198.0,31.0,1,6,0
304,1,876.0,534.5,102.0,17.0,1,6,0
304,2,1013.5,524.5,200.5,31.0,1,6,0
305,1,838.0,536.5,104.0,18.0,1,6,0
305,2,975.0,526.0,200.0,31.0,1,6,0
306,1,811.0,534.5,102.0,17.0,1,6,0
306,2,949.5,521.0,198.5,31.0,1,6,0
307,1,790.0,520.5,102.0,17.0,1,6,0
307,2,928.0,506.75,200.0,32.25,1,6,0
308,1,764.0,517.5,102.0,17.0,1,6,0
308,2,901.0,503.75,201.0,32.25,1,6,0
309,1,738.5,519.5,103.0,17.0,1,6,0
309,2,875.5,506.25,201.5,31.75,1,6,0
310,1,717.0,524.0,103.0,16.0,1,6,0
310,2,854.0,510.5,202.0,31.0,1,6,0
311,1,686.5,527.0,101.0,17.0,1,6,0
311,2,823.5,514.0,199.0,31.0,1,6,0
312,1,659.5,503.0,102.0,17.5,1,6,0
312,2,796.0,487.5,202.0,32.5,1,6,0
313,1,638.0,497.75,103.0,17.25,1,6,0
313,2,775.5,482.75,202.0,32.75,1,6,0
314,1,610.5,495.0,102.0,16.5,1,6,0
314,2,746.0,481.0,202.0,33.0,1,6,0
315,1,588.0,493.5,102.0,16.5,1,6,0
315,2,724.5,482.25,201.0,31.25,1,6,0
316,1,565.5,498.75,103.0,16.25,1,6,0
316,2,701.5,488.25,203.0,30.25,1,6,0
317,1,548.0,505.0,102.0,17.0,1,6,0
317,2,685.0,494.5,202.0,31.0,1,6,0
318,1,528.0,509.25,103.0,16.25,1,6,0
318,2,664.5,498.25,202.0,31.75,1,6,0
319,1,515.5,483.75,103.0,17.5,1,6,0
319,2,652.0,468.75,203.0,32.0,1,6,0
320,1,507.25,491.5,102.25,17.5,1,6,0
320,2,643.0,473.75,204.0,33.5,1,6,0
321,1,497.75,496.0,102.25,17.0,1,6,0
321,2,634.0,476.25,204.0,33.0,1,6,0
322,1,488.25,489.25,103.25,18.0,1,6,0
322,2,624.0,471.25,203.0,31.5,1,6,0
323,1,475.5,483.0,103.0,17.0,1,6,0
323,2,610.5,463.75,205.0,32.5,1,6,0
324,1,460.25,492.5,103.25,17.0,1,6,0
324,2,595.5,476.0,204.0,32.5,1,6,0
325,1,442.25,489.5,102.75,16.5,1,6,0
325,2,576.5,476.5,203.0,30.5,1,6,0
326,1,425.25,489.0,103.75,17.5,1,6,0
326,2,560.5,478.75,205.0,30.0,1,6,0
327,1,415.5,490.25,101.5,17.0,1,6,0
327,2,548.5,478.75,204.0,31.0,1,6,0
328,1,402.5,492.0,103.0,16.0,1,6,0
328,2,536.5,480.0,205.0,32.0,1,6,0
329,1,399.25,501.25,102.0,15.75,1,6,0
329,2,533.5,485.25,206.0,32.75,1,6,0
330,1,394.25,503.5,102.5,17.0,1,6,0
330,2,528.5,488.75,204.0,32.25,1,6,0
331,1,391.25,504.25,100.5,16.25,1,6,0
331,2,523.5,489.75,205.0,33.25,1,6,0
332,1,384.0,505.75,101.0,17.25,1,6,0
332,2,517.5,492.25,203.0,30.25,1,6,0
333,1,377.25,506.25,104.0,17.25,1,6,0
333,2,512.0,491.75,205.0,31.25,1,6,0
334,1,370.5,503.25,104.5,18.25,1,6,0
334,2,504.5,487.25,205.0,31.75,1,6,0
335,1,360.25,499.25,103.5,18.25,1,6,0
335,2,492.5,482.0,207.0,33.5,1,6,0
336,1,351.75,500.75,104.0,18.25,1,6,0
336,2,483.75,482.75,207.75,33.75,1,6,0
337,1,335.25,508.75,102.0,15.25,1,6,0
337,2,467.25,490.75,207.25,32.25,1,6,0
338,1,320.5,520.0,104.0,18.0,1,6,0
338,2,452.75,503.5,206.75,33.0,1,6,0
339,1,307.0,530.0,102.0,17.0,1,6,0
339,2,437.0,513.0,206.0,33.0,1,6,0
340,1,296.5,531.5,103.0,17.0,1,6,0
340,2,429.0,516.0,206.0,33.0,1,6,0
341,1,284.5,511.75,103.5,17.25,1,6,0
341,2,416.5,498.0,208.0,32.0,1,6,0
342,1,274.25,504.5,105.5,18.0,1,6,0
342,2,405.75,492.75,208.25,31.25,1,6,0
343,1,265.0,500.75,106.0,17.75,1,6,0
343,2,395.0,487.5,209.0,33.0,1,6,0
344,1,253.25,500.25,102.5,16.25,1,6,0
344,2,384.0,488.0,207.0,33.0,1,6,0
345,1,246.62,506.0,102.88,18.0,1,6,0
345,2,376.5,489.75,207.0,34.25,1,6,0
346,1,238.12,509.5,102.88,18.0,1,6,0
346,2,367.5,494.0,208.0,32.5,1,6,0
347,1,234.38,511.75,101.88,17.25,1,6,0
347,2,362.0,495.5,208.5,33.0,1,6,0
348,1,226.12,510.5,104.88,17.0,1,6,0
348,2,356.0,493.0,208.0,33.0,1,6,0
349,1,223.0,504.0,101.5,18.0,1,6,0
349,2,352.5,487.0,208.0,35.0,1,6,0
350,1,219.75,497.25,104.5,16.75,1,6,0
350,2,348.75,480.75,209.75,34.75,1,6,0
351,1,216.75,493.5,104.5,17.5,1,6,0
351,2,344.25,477.5,209.75,34.0,1,6,0
352,1,211.25,493.25,104.0,17.5,1,6,0
352,2,337.75,478.5,209.75,33.5,1,6,0
353,1,204.75,501.75,101.5,18.25,1,6,0
353,2,329.0,487.25,211.0,34.75,1,6,0
354,1,196.12,511.0,104.88,18.0,1,6,0
354,2,323.75,500.5,209.75,31.0,1,6,0
355,1,191.88,520.5,102.12,18.0,1,6,0
355,2,317.0,506.0,209.0,34.0,1,6,0
356,1,188.5,503.5,104.0,19.0,1,6,0
356,2,315.0,489.5,209.5,32.0,1,6,0
357,1,187.38,478.0,104.38,19.0,1,6,0
357,2,313.0,461.75,211.0,34.0,1,6,0
358,1,181.75,478.0,105.25,18.5,1,6,0
358,2,307.75,458.75,213.25,35.0,1,6,0
359,1,173.88,465.5,104.38,18.0,1,6,0
359,2,298.0,447.75,213.0,37.0,1,6,0
360,1,168.25,480.0,104.0,18.0,1,6,0
360,2,293.0,465.5,211.5,35.5,1,6,0
361,1,160.25,480.0,101.75,17.5,1,6,0
361,2,284.0,468.0,212.0,32.5,1,6,0
362,1,152.38,480.5,104.12,17.5,1,6,0
362,2,274.0,467.5,213.0,34.5,1,6,0
363,1,143.38,481.5,103.5,17.5,1,6,0
363,2,266.0,473.25,211.5,30.0,1,6,0
364,1,140.25,487.5,103.0,18.0,1,6,0
364,2,261.0,472.75,215.0,35.0,1,6,0
365,1,136.38,482.75,103.25,16.5,1,6,0
365,2,257.25,471.75,213.5,32.5,1,6,0
366,1,135.5,485.25,104.5,18.5,1,6,0
366,2,257.0,469.0,212.5,36.0,1,6,0
367,1,136.12,497.25,103.25,19.25,1,6,0
367,2,256.5,479.25,213.5,35.25,1,6,0
368,1,131.75,510.25,105.0,19.75,1,6,0
368,2,253.12,493.25,211.88,34.75,1,6,0
369,1,127.0,511.75,102.25,17.25,1,6,0
369,2,245.25,496.75,215.0,35.25,1,6,0
370,1,120.62,500.75,103.25,17.75,1,6,0
370,2,240.0,487.0,213.5,33.0,1,6,0
371,1,115.38,494.25,104.75,17.0,1,6,0
371,2,234.5,481.0,214.5,33.0,1,6,0
372,1,112.44,479.0,104.56,18.5,1,6,0
372,2,231.12,463.75,214.88,36.0,1,6,0
373,1,111.06,473.0,99.69,19.0,1,6,0
373,2,229.0,457.5,216.0,35.5,1,6,0
374,1,111.62,472.0,103.5,17.5,1,6,0
374,2,228.0,456.0,215.5,35.5,1,6,0
375,1,111.38,479.75,107.5,19.5,1,6,0
375,2,229.0,462.75,216.5,38.5,1,6,0
376,1,115.25,490.5,104.5,19.0,1,6,0
376,2,231.38,473.25,215.62,37.5,1,6,0
377,1,119.12,487.25,105.25,18.0,1,6,0
377,2,236.25,473.25,215.0,33.5,1,6,0
378,1,122.38,443.25,112.5,18.5,1,6,0
378,2,239.5,428.5,216.0,34.5,1,6,0
379,1,126.75,432.75,105.0,19.0,1,6,0
379,2,241.25,418.5,216.5,37.0,1,6,0
380,1,127.69,433.0,103.81,18.5,1,6,0
380,2,241.25,417.75,217.0,35.5,1,6,0
381,1,131.0,440.0,106.25,21.0,1,6,0
381,2,244.38,421.75,218.12,37.5,1,6,0
382,1,132.38,440.5,106.0,20.0,1,6,0
382,2,244.38,423.75,218.62,36.5,1,6,0
383,1,134.88,441.5,104.0,18.5,1,6,0
383,2,249.0,425.5,217.5,36.0,1,6,0
384,1,143.75,454.0,101.75,18.0,1,6,0
384,2,252.75,434.5,218.5,37.5,1,6,0
385,1,144.0,457.75,107.0,19.0,1,6,0
385,2,257.25,439.5,215.5,35.5,1,6,0
386,1,144.5,457.5,110.5,19.0,1,6,0
386,2,255.12,439.0,216.88,37.0,1,6,0
387,1,143.88,455.5,108.25,18.5,1,6,0
387,2,254.25,441.0,217.0,34.5,1,6,0
388,1,142.25,448.5,112.0,19.0,1,6,0
388,2,252.25,432.0,219.5,36.5,1,6,0
389,1,144.62,439.25,111.0,19.0,1,6,0
389,2,253.12,424.0,218.37,36.5,1,6,0
390,1,145.5,440.25,129.5,20.5,1,6,0
390,2,251.5,424.25,220.5,37.0,1,6,0
391,1,143.62,446.25,119.37,19.5,1,6,0
391,2,249.25,430.5,222.0,37.5,1,6,0
392,1,143.62,448.5,121.88,18.0,1,6,0
392,2,250.0,436.0,220.5,33.5,1,6,0
393,1,144.38,441.75,130.62,19.5,1,6,0
393,2,248.62,429.5,222.38,37.5,1,6,0
394,1,146.12,435.0,115.38,16.5,1,6,0
394,2,252.25,419.75,219.5,37.0,1,6,0
395,1,149.25,443.0,113.75,18.5,1,6,0
395,2,241.75,425.0,233.0,38.0,1,6,0
396,1,149.75,454.25,116.0,19.5,1,6,0
396,2,254.0,440.25,216.5,36.5,1,6,0
397,1,150.12,461.25,110.38,17.0,1,6,0
397,2,250.0,443.5,223.5,39.0,1,6,0
398,1,149.75,459.5,127.25,19.0,1,6,0
398,2,252.0,447.5,222.5,35.5,1,6,0
399,1,153.75,455.0,117.25,17.5,1,6,0
399,2,255.25,440.5,223.5,37.5,1,6,0
400,1,161.25,451.25,107.75,18.5,1,6,0
400,2,264.0,437.25,219.5,38.0,1,6,0
401,1,167.5,460.75,109.0,15.5,1,6,0
401,2,264.25,441.25,225.5,39.5,1,6,0
402,1,173.0,467.0,114.0,16.5,1,6,0
402,2,270.0,451.0,223.5,36.0,1,6,0
403,1,174.5,472.0,125.25,20.0,1,6,0
403,2,272.5,457.75,225.5,35.0,1,6,0
404,1,176.62,467.0,103.62,17.0,1,6,0
404,2,274.5,447.0,224.0,39.5,1,6,0
405,1,181.25,458.75,116.5,17.5,1,6,0
405,2,275.0,439.75,227.0,38.0,1,6,0
406,1,177.25,451.0,119.0,18.0,1,6,0
406,2,267.5,435.0,228.5,36.5,1,6,0
407,1,168.12,447.5,124.62,18.5,1,6,0
407,2,259.5,434.0,228.5,36.0,1,6,0
408,1,159.25,439.75,113.75,18.5,1,6,0
408,2,248.38,426.0,229.12,38.0,1,6,0
409,1,148.5,429.75,99.5,15.5,1,6,0
409,2,237.5,415.25,230.5,40.0,1,6,0
410,1,146.75,425.25,110.0,16.5,1,6,0
410,2,233.25,412.75,230.0,38.0,1,6,0
411,1,145.0,427.25,99.75,14.5,1,6,0
411,2,228.25,411.75,230.5,38.0,1,6,0
412,1,138.75,432.75,109.75,16.5,1,6,0
412,2,225.12,416.0,229.88,39.0,1,6,0
413,1,132.75,439.25,116.0,22.0,1,6,0
413,2,218.0,425.75,232.5,40.0,1,6,0
414,1,130.25,461.0,109.25,19.0,1,6,0
414,2,216.25,444.0,230.5,39.0,1,6,0
415,1,128.75,471.5,113.25,20.5,1,6,0
415,2,213.5,457.5,232.0,38.5,1,6,0
416,1,129.25,481.0,116.0,20.5,1,6,0
416,2,213.62,462.0,232.88,41.0,1,6,0
417,1,132.0,470.5,106.25,17.5,1,6,0
417,2,214.38,453.0,232.62,37.5,1,6,0
418,2,209.0,423.5,235.0,36.0,1,6,0
419,2,208.88,402.0,232.62,38.5,1,6,0
420,2,198.75,390.0,233.0,37.5,1,6,0
420,1,119.38,404.25,106.5,20.5,1,6,0
421,2,185.5,393.75,235.0,36.0,1,6,0
421,1,110.56,408.0,102.44,16.0,1,6,0
422,2,176.62,414.0,237.88,38.0,1,6,0
422,1,102.12,426.0,105.75,20.5,1,6,0
423,2,172.75,434.75,235.5,38.0,1,6,0
423,1,95.75,446.5,104.0,20.5,1,6,0
424,2,169.12,441.5,233.88,38.0,1,6,0
425,2,159.38,429.25,237.62,39.0,1,6,0
425,1,86.38,441.0,103.0,20.0,1,6,0
426,2,150.25,427.75,238.0,41.5,1,6,0
426,1,79.62,445.25,98.0,19.5,1,6,0
427,2,144.12,427.5,238.88,40.5,1,6,0
427,1,73.5,442.75,101.5,20.5,1,6,0
428,2,134.75,421.0,240.0,40.5,1,6,0
428,1,64.5,438.75,101.0,19.5,1,6,0
429,2,125.44,426.25,242.06,41.0,1,6,0
429,1,59.31,442.0,99.69,22.5,1,6,0
430,2,121.62,441.5,238.38,40.5,1,6,0
430,1,49.62,459.25,101.5,20.5,1,6,0
431,2,112.19,456.75,239.56,39.0,1,6,0
431,1,46.81,471.5,95.94,24.0,1,6,0
432,2,94.69,443.0,241.31,39.5,1,6,0
433,2,88.81,440.25,242.94,40.5,1,6,0
433,1,26.44,455.0,100.5,22.5,1,6,0
434,2,79.94,431.25,243.06,42.0,1,6,0
434,1,14.97,445.0,107.03,24.0,1,6,0
435,2,70.88,425.0,248.12,38.5,1,6,0
435,1,14.69,435.5,102.12,25.0,1,6,0
436,2,66.88,429.75,243.62,33.5,1,6,0
436,1,11.44,437.75,94.87,19.5,1,6,0
437,2,65.69,436.75,242.06,42.5,1,6,0
437,1,5.09,453.75,93.91,18.0,1,6,0
438,2,61.56,455.75,245.69,38.0,1,6,0
438,1,3.59,459.0,94.78,25.0,1,6,0
439,2,57.88,458.25,247.12,41.5,1,6,0
440,2,56.19,464.5,246.81,39.5,1,6,0
441,2,48.81,469.75,247.19,39.5,1,6,0
441,1,1.38,485.25,80.56,19.0,1,6,0
442,2,42.56,474.25,245.69,36.5,1,6,0
443,2,29.25,468.5,247.25,42.5,1,6,0
444,2,14.81,464.0,249.94,45.5,1,6,0
445,2,8.06,481.75,250.44,42.25,1,6,0
446,2,6.81,492.25,244.44,39.75,1,6,0
447,2,3.44,496.75,246.31,44.75,1,6,0
448,2,1.19,499.75,247.81,38.75,1,6,0
449,2,3.62,485.75,244.12,39.75,1,6,0
450,2,4.81,471.5,234.94,42.5,1,6,0
451,2,3.62,473.25,225.88,39.75,1,6,0
452,2,5.94,490.75,211.81,38.25,1,6,0
452,1,0.0,505.5,40.06,17.0,1,6,0
453,2,9.56,499.75,204.94,34.25,1,6,0
454,2,1.38,487.75,203.12,40.25,1,6,0
455,2,8.75,495.75,192.0,39.25,1,6,0
456,2,6.13,506.25,193.25,43.25,1,6,0
458,13,137.38,540.5,52.25,34.0,1,6,0
458,2,5.75,540.5,180.25,36.0,1,6,0
459,2,0.94,548.5,174.56,40.0,1,6,0
460,2,1.12,551.0,163.75,37.0,1,6,0
461,2,95.62,544.0,56.25,35.0,1,6,0
461,13,20.22,545.0,123.53,38.0,1,6,0
462,13,0.31,530.0,139.69,39.0,1,6,0
463,13,0.38,512.0,127.38,42.0,1,6,0
464,13,0.47,503.5,122.53,42.0,1,6,0
465,13,0.0,504.5,116.38,44.0,1,6,0
466,13,0.56,566.0,105.75,40.0,1,6,0
467,13,0.0,568.5,100.38,43.0,1,6,0
468,13,0.0,583.0,96.38,42.0,1,6,0
469,13,0.12,571.5,92.62,41.0,1,6,0
470,13,0.19,570.0,88.5,43.0,1,6,0
471,13,0.31,570.0,84.88,42.0,1,6,0
472,13,0.22,570.5,77.78,38.0,1,6,0
473,13,0.19,561.0,73.38,42.0,1,6,0
474,13,0.12,563.0,70.12,37.0,1,6,0
475,13,0.0,557.5,62.69,41.0,1,6,0
476,13,0.02,558.5,58.23,39.0,1,6,0
477,13,0.02,547.0,52.11,45.0,1,6,0
478,13,0.17,554.0,45.89,38.0,1,6,0
479,13,0.19,554.0,42.22,38.0,1,6,0
480,13,0.16,553.5,36.53,37.0,1,6,0
481,13,0.0,578.0,31.58,38.0,1,6,0
482,13,0.0,598.5,28.66,41.5,1,6,0
484,13,0.11,621.0,23.98,19.0,1,6,0
485,13,0.0,618.5,23.41,21.5,1,6,0
486,13,0.0,608.0,21.84,31.0,1,6,0
487,13,0.0,590.0,17.53,27.0,1,6,0
488,13,-0.0,596.5,12.08,26.0,1,6,0
489,13,-0.0,598.0,7.68,29.0,1,6,0
490,13,0.0,591.0,7.66,30.0,1,6,0
554,13,0.0,492.25,10.7,30.75,1,6,0
555,13,0.0,495.0,17.81,26.0,1,6,0
556,13,0.0,492.25,20.81,27.25,1,6,0
557,13,0.0,512.5,25.5,30.0,1,6,0
558,13,0.1,525.5,26.21,28.0,1,6,0
559,13,0.09,541.5,27.47,27.0,1,6,0
560,13,0.12,540.5,26.95,27.0,1,6,0
561,13,0.03,555.0,26.88,27.0,1,6,0
562,13,0.07,539.0,25.3,27.0,1,6,0
563,13,0.06,525.0,22.41,25.0,1,6,0
564,13,0.16,521.0,19.83,30.0,1,6,0
565,13,0.05,514.5,20.63,32.0,1,6,0
566,13,0.0,503.5,20.75,26.0,1,6,0
567,13,0.19,492.0,24.84,28.0,1,6,0
568,13,0.18,493.75,29.51,29.25,1,6,0
569,13,0.14,474.25,35.55,42.25,1,6,0
570,13,0.0,481.0,41.69,49.5,1,6,0
571,13,0.0,516.0,45.12,49.0,1,6,0
572,13,0.14,521.5,46.17,50.0,1,6,0
573,13,0.0,526.0,45.09,47.0,1,6,0
574,13,0.16,513.5,42.56,41.0,1,6,0
575,13,0.17,503.25,41.27,44.75,1,6,0
576,13,0.11,498.5,42.58,42.0,1,6,0
577,13,0.08,485.25,45.48,43.25,1,6,0
578,13,0.22,481.25,48.06,45.25,1,6,0
579,13,0.16,487.25,53.75,46.75,1,6,0
580,13,0.05,503.0,57.08,50.0,1,6,0
581,13,0.19,519.0,59.5,41.0,1,6,0
582,13,0.08,523.5,63.42,45.0,1,6,0
583,13,0.25,526.5,64.5,44.0,1,6,0
584,13,0.62,518.5,66.38,44.0,1,6,0
585,13,0.47,509.0,66.28,46.0,1,6,0
586,13,0.38,498.0,66.75,46.0,1,6,0
587,13,0.34,486.0,66.91,44.5,1,6,0
588,13,0.06,478.0,67.38,45.5,1,6,0
589,13,0.22,486.5,66.66,42.5,1,6,0
590,13,0.16,486.5,68.34,45.0,1,6,0
591,13,0.19,504.75,70.25,38.25,1,6,0
592,13,0.34,511.5,71.66,46.0,1,6,0
593,13,0.28,529.0,73.34,43.0,1,6,0
594,13,0.28,529.0,75.84,43.0,1,6,0
595,13,0.0,518.5,78.25,41.0,1,6,0
596,13,0.06,480.5,79.69,41.0,1,6,0
597,13,0.38,462.25,81.94,47.0,1,6,0
598,13,0.41,451.0,83.97,48.0,1,6,0
599,13,0.38,455.5,85.81,46.5,1,6,0
600,13,0.0,447.0,88.0,48.5,1,6,0
601,13,0.25,492.0,89.88,46.0,1,6,0
602,13,0.22,502.75,91.28,46.25,1,6,0
603,13,0.0,509.25,92.31,47.25,1,6,0
604,13,0.0,515.0,92.5,45.0,1,6,0
605,13,0.12,528.5,92.69,44.0,1,6,0
606,13,0.16,529.5,91.09,48.0,1,6,0
607,13,0.0,518.0,91.5,44.0,1,6,0
608,13,0.12,514.5,91.69,47.0,1,6,0
609,13,0.0,504.25,91.88,49.75,1,6,0
610,13,0.0,464.25,94.0,43.5,1,6,0
611,13,0.28,459.5,93.72,45.5,1,6,0
612,13,0.03,462.75,95.84,47.0,1,6,0
613,13,0.06,463.5,96.87,47.5,1,6,0
614,13,0.19,484.75,98.75,45.25,1,6,0
615,13,0.0,480.25,100.62,47.25,1,6,0
616,13,0.0,480.25,100.37,48.25,1,6,0
617,13,0.0,485.25,100.25,45.25,1,6,0
618,13,0.0,483.75,100.38,47.25,1,6,0
619,13,0.0,485.75,100.62,45.25,1,6,0
620,13,0.06,483.25,99.25,46.75,1,6,0
621,13,0.16,513.0,97.09,42.0,1,6,0
622,13,0.09,510.25,98.28,45.75,1,6,0
623,13,0.06,506.5,99.31,47.0,1,6,0
624,13,0.0,501.0,102.69,47.0,1,6,0
625,13,0.0,501.5,104.25,46.0,1,6,0
626,13,0.0,500.75,106.31,46.25,1,6,0
627,13,0.0,499.0,108.62,49.0,1,6,0
628,13,0.34,495.0,108.66,50.0,1,6,0
629,13,0.06,499.0,106.75,49.0,1,6,0
630,13,0.0,509.75,106.37,45.25,1,6,0
631,13,0.25,507.0,103.0,47.0,1,6,0
632,13,0.0,506.25,102.62,45.75,1,6,0
633,13,0.31,456.0,103.62,49.0,1,6,0
634,13,0.03,453.0,105.22,49.5,1,6,0
635,13,0.0,454.5,109.88,48.5,1,6,0
636,13,0.0,471.75,112.38,47.75,1,6,0
637,13,0.66,472.25,114.59,46.75,1,6,0
638,13,0.75,474.0,115.88,45.0,1,6,0
639,13,0.84,472.75,117.28,47.75,1,6,0
640,13,0.59,478.5,119.41,46.5,1,6,0
641,13,0.47,478.5,119.41,49.5,1,6,0
642,13,0.88,527.5,120.88,44.0,1,6,0
643,13,0.62,527.5,122.44,45.0,1,6,0
644,13,0.22,523.5,120.03,47.0,1,6,0
645,13,0.78,502.75,120.47,45.25,1,6,0
646,13,0.22,492.75,119.41,47.75,1,6,0
647,13,0.44,489.25,119.25,47.25,1,6,0
648,13,0.41,490.0,118.97,46.0,1,6,0
649,13,0.06,495.25,119.62,48.25,1,6,0
651,13,0.25,482.75,122.0,49.75,1,6,0
652,13,1.16,489.0,123.09,47.0,1,6,0
653,13,0.34,479.5,125.28,48.5,1,6,0
654,13,2.03,475.25,124.59,48.25,1,6,0
655,13,0.41,464.0,126.09,47.5,1,6,0
656,13,0.38,466.75,127.0,48.25,1,6,0
657,13,0.62,464.75,128.25,47.75,1,6,0
658,13,0.75,465.0,131.12,47.5,1,6,0
659,13,0.25,480.5,134.38,49.0,1,6,0
660,13,0.25,480.75,135.88,48.75,1,6,0
661,13,2.25,488.0,138.38,50.0,1,6,0
662,13,2.25,486.0,141.75,49.5,1,6,0
663,13,0.94,478.75,143.31,47.75,1,6,0
664,13,1.12,479.25,143.0,42.75,1,6,0
665,13,0.62,505.25,139.12,49.75,1,6,0
666,13,0.81,512.0,136.19,44.0,1,6,0
667,13,0.62,499.75,134.12,47.75,1,6,0
668,13,0.38,489.25,133.0,46.75,1,6,0
669,13,1.0,496.0,131.12,47.0,1,6,0
670,13,0.5,504.0,133.0,45.0,1,6,0
671,13,1.62,475.5,133.0,50.0,1,6,0
672,13,0.38,482.0,140.0,48.0,1,6,0
673,13,0.62,491.0,144.62,51.0,1,6,0
674,13,0.38,497.0,146.25,46.0,1,6,0
675,13,80.62,492.0,71.5,44.0,1,6,0
676,13,86.62,491.5,66.5,43.0,1,6,0
677,13,0.5,485.0,151.38,48.0,1,6,0
678,13,0.62,475.25,150.25,47.25,1,6,0
679,13,0.31,464.75,148.94,48.75,1,6,0
680,13,0.62,454.5,145.75,46.0,1,6,0
681,13,0.38,454.25,143.0,48.0,1,6,0
682,13,0.56,459.0,142.69,48.5,1,6,0
683,13,1.06,522.0,140.69,48.0,1,6,0
684,13,1.75,525.0,140.5,46.0,1,6,0
685,13,0.75,512.5,147.25,46.0,1,6,0
686,13,0.62,512.0,150.0,47.0,1,6,0
687,13,0.56,513.5,155.69,46.0,1,6,0
688,13,0.62,503.75,159.75,41.75,1,6,0
689,13,0.88,477.75,161.75,45.25,1,6,0
690,13,0.25,480.75,164.5,46.75,1,6,0
691,13,0.19,489.0,166.31,47.0,1,6,0
692,13,0.25,491.75,166.75,47.25,1,6,0
693,13,0.0,498.75,168.75,47.25,1,6,0
694,13,0.0,503.75,170.75,46.75,1,6,0
695,13,0.75,487.75,169.75,46.75,1,6,0
696,13,0.0,485.0,172.62,47.0,1,6,0
697,13,0.19,473.0,174.31,42.5,1,6,0
698,13,0.12,459.5,175.12,47.0,1,6,0
699,13,119.06,447.5,59.69,45.0,1,6,0
700,13,2.75,442.25,175.87,48.5,1,6,0
701,13,0.81,461.75,180.94,44.5,1,6,0
702,13,119.56,470.0,64.69,46.5,1,6,0
703,13,0.56,486.0,183.69,45.0,1,6,0
704,13,-0.0,497.75,183.5,42.25,1,6,0
705,13,0.25,503.5,188.75,45.0,1,6,0
706,13,0.88,509.75,193.62,48.25,1,6,0
707,13,10.31,504.25,190.69,46.25,1,6,0
708,13,15.88,502.0,192.25,46.0,1,6,0
709,13,19.62,488.5,195.75,45.5,1,6,0
710,13,15.75,480.0,202.5,48.0,1,6,0
711,13,14.12,479.75,206.0,44.75,1,6,0
712,13,4.69,474.75,222.31,47.25,1,6,0
713,13,171.0,479.5,59.25,46.5,1,6,0
714,13,172.75,481.0,58.75,45.5,1,6,0
715,13,6.06,481.0,227.69,47.0,1,6,0
716,13,14.44,480.0,226.81,47.0,1,6,0
717,13,40.12,478.0,208.75,46.5,1,6,0
718,13,28.56,474.5,227.69,47.5,1,6,0
719,13,2.0,478.75,255.25,41.75,1,6,0
720,13,2.12,466.25,262.38,49.75,1,6,0
721,13,6.75,474.75,264.5,47.25,1,6,0
722,13,2.75,472.25,271.75,47.25,1,6,0
723,13,1.0,472.5,277.0,45.5,1,6,0
724,13,9.12,490.0,263.88,33.0,1,6,0
725,13,0.5,482.0,290.5,44.0,1,6,0
726,13,11.12,484.75,289.38,45.75,1,6,0
727,13,17.12,504.0,289.38,46.0,1,6,0
728,13,26.25,501.0,286.25,49.0,1,6,0
729,13,36.25,523.5,282.75,35.0,1,6,0
730,13,37.12,508.75,286.38,47.75,1,6,0
731,13,38.25,514.0,289.25,46.0,1,6,0
732,13,43.88,496.5,288.12,48.0,1,6,0
733,13,48.75,463.75,288.5,46.0,1,6,0
734,13,56.0,459.25,287.0,42.5,1,6,0
735,13,68.25,454.0,274.25,33.0,1,6,0
736,13,67.75,443.5,289.0,45.0,1,6,0
737,13,74.88,460.25,290.12,46.0,1,6,0
738,13,82.38,457.5,288.12,46.5,1,6,0
739,13,91.75,460.25,286.25,47.5,1,6,0
740,13,97.25,507.25,288.25,47.25,1,6,0
741,13,101.25,515.5,288.25,47.0,1,6,0
742,13,104.5,523.0,288.75,47.0,1,6,0
743,13,108.12,526.5,288.88,47.0,1,6,0
744,13,113.12,520.5,286.88,35.0,1,6,0
745,13,124.5,505.75,286.5,47.75,1,6,0
746,13,129.12,498.25,290.88,47.25,1,6,0
747,13,142.62,460.0,288.38,45.5,1,6,0
748,13,152.75,456.0,287.0,48.0,1,6,0
749,13,165.75,446.0,288.0,47.0,1,6,0
750,13,172.75,444.75,288.0,47.5,1,6,0
751,13,179.5,472.5,288.5,46.0,1,6,0
752,13,184.5,482.25,286.0,46.25,1,6,0
753,13,188.38,495.5,287.12,50.0,1,6,0
753,21,418.25,492.5,58.5,48.0,1,6,0
754,13,190.12,506.5,286.38,49.0,1,6,0
755,13,189.12,517.0,288.38,46.0,1,6,0
756,13,191.75,511.25,286.5,49.25,1,6,0
757,13,194.62,496.25,288.88,48.75,1,6,0
758,13,199.38,489.0,289.12,49.0,1,6,0
759,13,208.88,475.25,289.12,46.75,1,6,0
760,13,219.75,459.5,287.5,48.5,1,6,0
761,13,228.5,460.0,287.0,45.0,1,6,0
762,13,239.75,448.5,288.25,49.0,1,6,0
763,13,244.62,469.0,290.38,47.0,1,6,0
764,13,250.38,473.75,290.12,46.75,1,6,0
765,13,257.5,488.0,290.0,38.5,1,6,0
766,13,263.5,484.0,289.5,46.5,1,6,0
767,13,271.75,484.5,289.25,48.5,1,6,0
768,13,278.0,484.25,288.0,45.75,1,6,0
769,13,285.25,480.75,288.75,48.25,1,6,0
770,13,295.25,496.0,289.75,42.0,1,6,0
771,13,302.5,507.25,288.0,48.75,1,6,0
772,13,308.5,513.0,290.5,46.0,1,6,0
773,13,315.25,517.0,287.75,45.0,1,6,0
774,13,320.25,497.5,289.75,49.0,1,6,0
775,13,324.0,504.0,290.5,47.0,1,6,0
776,13,330.25,522.0,289.75,38.0,1,6,0
777,13,335.5,464.5,289.0,49.0,1,6,0
778,13,338.5,467.5,290.0,46.5,1,6,0
779,13,347.0,465.0,290.0,48.0,1,6,0
780,13,354.0,462.5,288.5,48.5,1,6,0
781,13,359.5,474.0,237.5,31.5,1,6,0
782,13,366.5,471.5,288.0,50.5,1,6,0
783,13,373.5,462.5,289.0,50.5,1,6,0
784,13,379.75,465.75,290.25,46.75,1,6,0
785,13,387.5,477.0,290.0,49.5,1,6,0
786,13,394.25,503.75,290.75,46.75,1,6,0
787,13,399.75,507.5,290.25,44.0,1,6,0
788,13,406.5,506.5,289.0,47.0,1,6,0
789,13,411.5,506.0,290.0,48.0,1,6,0
790,13,418.75,491.0,287.25,49.0,1,6,0
791,13,423.25,494.75,289.75,44.75,1,6,0
792,13,429.5,493.5,288.0,46.0,1,6,0
793,13,437.0,491.25,287.0,48.75,1,6,0
794,13,440.75,490.5,289.25,49.0,1,6,0
795,13,446.5,490.75,289.0,48.25,1,6,0
796,13,451.5,489.0,291.0,49.0,1,6,0
797,13,458.0,487.5,290.0,48.0,1,6,0
798,13,465.5,485.0,290.0,47.0,1,6,0
799,13,473.0,484.25,289.0,46.75,1,6,0
800,13,480.0,486.75,288.0,45.25,1,6,0
801,13,488.0,477.75,290.0,48.25,1,6,0
802,13,492.75,458.0,289.25,49.0,1,6,0
803,13,498.5,459.0,289.0,52.0,1,6,0
804,13,499.25,469.5,291.75,48.0,1,6,0
805,13,502.0,466.75,289.0,51.25,1,6,0
806,13,501.75,477.0,290.25,50.5,1,6,0
807,13,501.25,475.0,290.75,52.5,1,6,0
808,13,503.5,478.0,289.0,48.5,1,6,0
809,13,505.5,471.25,291.0,50.75,1,6,0
810,13,512.0,466.5,291.0,50.0,1,6,0
811,13,519.5,466.75,289.0,45.0,1,6,0
812,13,529.0,462.75,284.0,45.0,1,6,0
813,13,534.0,463.5,288.0,46.0,1,6,0
814,13,539.0,493.5,290.0,50.0,1,6,0
815,13,541.0,515.0,290.0,38.0,1,6,0
816,13,546.0,508.0,290.0,45.0,1,6,0
817,13,549.5,503.0,290.0,49.0,1,6,0
818,13,554.0,497.75,289.0,49.25,1,6,0
819,13,556.5,496.5,290.0,49.0,1,6,0
820,13,563.0,493.0,290.0,48.0,1,6,0
821,13,567.0,485.5,289.0,48.5,1,6,0
822,13,571.0,487.5,290.0,50.0,1,6,0
823,13,574.0,493.5,290.0,50.0,1,6,0
824,13,576.5,503.25,289.0,47.75,1,6,0
825,13,576.0,496.25,290.0,48.75,1,6,0
826,13,575.5,468.0,292.0,49.0,1,6,0
827,13,577.5,471.75,292.0,48.75,1,6,0
828,13,581.0,473.25,291.0,47.25,1,6,0
829,13,584.0,471.25,292.0,47.25,1,6,0
830,13,588.0,466.75,293.0,49.25,1,6,0
831,13,591.5,464.0,290.0,49.0,1,6,0
832,13,594.0,459.75,290.0,48.5,1,6,0
833,13,594.0,467.5,290.0,48.5,1,6,0
834,13,593.0,464.25,290.0,48.75,1,6,0
835,13,593.0,456.75,290.0,52.0,1,6,0
836,13,594.0,457.5,289.0,53.0,1,6,0
837,13,596.0,501.25,289.0,49.75,1,6,0
838,13,598.5,504.5,289.0,48.0,1,6,0
839,13,603.0,507.75,290.0,49.75,1,6,0
840,13,608.0,517.0,290.0,49.0,1,6,0
841,13,614.0,503.5,288.0,49.0,1,6,0
842,13,618.0,506.5,288.0,50.0,1,6,0
843,13,620.5,508.5,290.0,49.0,1,6,0
844,13,626.0,470.5,287.0,50.0,1,6,0
845,13,625.5,463.0,288.0,52.0,1,6,0
846,13,624.5,459.5,290.0,50.0,1,6,0
847,13,626.0,454.5,288.0,49.5,1,6,0
848,13,624.5,450.5,289.0,52.5,1,6,0
849,13,624.5,471.25,288.0,49.75,1,6,0
850,13,623.0,474.5,289.0,51.0,1,6,0
851,13,621.0,477.25,290.0,54.25,1,6,0
852,13,621.0,478.5,290.0,55.0,1,6,0
853,13,621.5,485.25,289.0,52.25,1,6,0
854,13,620.0,487.0,290.0,51.0,1,6,0
855,13,622.0,482.25,287.0,49.25,1,6,0
856,13,622.5,474.25,289.0,49.75,1,6,0
857,13,625.5,467.0,288.0,49.0,1,6,0
858,13,627.0,462.75,290.0,49.0,1,6,0
859,13,630.0,459.25,291.0,48.0,1,6,0
860,13,638.0,458.5,287.0,48.0,1,6,0
861,13,641.0,559.5,287.0,50.0,1,6,0
862,13,640.0,574.0,291.0,51.0,1,6,0
863,13,640.5,542.0,291.0,53.0,1,6,0
864,13,638.0,491.5,291.0,49.0,1,6,0
865,13,634.0,473.0,288.0,51.0,1,6,0
866,13,628.5,480.0,290.0,48.0,1,6,0
867,13,621.0,481.25,288.0,48.75,1,6,0
868,13,616.0,478.0,291.0,47.5,1,6,0
869,13,613.0,466.5,289.0,50.0,1,6,0
870,13,613.0,459.5,288.0,50.0,1,6,0
871,13,611.5,447.75,290.0,50.5,1,6,0
872,13,611.5,458.75,290.0,53.75,1,6,0
873,13,611.5,459.0,289.0,49.0,1,6,0
874,13,613.0,455.25,287.0,52.5,1,6,0
875,13,615.0,459.25,288.0,51.5,1,6,0
876,13,617.5,512.0,289.0,51.0,1,6,0
877,13,618.5,518.0,291.0,49.0,1,6,0
878,13,621.5,522.0,289.0,48.0,1,6,0
879,13,626.0,505.0,288.0,49.0,1,6,0
880,13,626.0,504.5,289.0,51.0,1,6,0
881,13,625.5,506.5,290.0,51.0,1,6,0
882,13,622.0,470.0,288.0,49.0,1,6,0
883,13,619.0,466.25,289.0,51.25,1,6,0
884,13,613.5,469.75,288.0,47.75,1,6,0
885,13,611.5,465.25,288.0,50.75,1,6,0
886,13,605.5,463.5,290.0,49.5,1,6,0
887,13,602.5,462.25,289.0,49.75,1,6,0
888,13,595.5,474.0,291.0,49.5,1,6,0
889,13,593.0,474.0,290.0,49.5,1,6,0
890,13,590.0,474.5,289.0,48.0,1,6,0
891,13,586.0,474.0,290.0,48.0,1,6,0
892,13,581.5,472.0,290.0,49.0,1,6,0
893,13,579.0,474.25,291.0,49.75,1,6,0
894,13,577.5,475.0,290.0,49.5,1,6,0
895,13,576.5,476.5,289.0,51.0,1,6,0
896,13,576.0,494.0,289.0,51.0,1,6,0
897,13,576.0,495.25,288.0,51.75,1,6,0
898,13,576.0,493.5,289.0,52.0,1,6,0
899,13,575.5,492.75,290.0,51.25,1,6,0
900,13,577.5,489.75,288.0,49.25,1,6,0
901,13,577.0,487.25,290.0,50.25,1,6,0
902,13,576.0,487.0,289.0,50.0,1,6,0
903,13,573.0,491.25,289.0,48.75,1,6,0
904,13,568.5,495.5,288.0,50.0,1,6,0
905,13,561.0,492.0,290.0,48.0,1,6,0
906,13,558.0,495.5,287.0,52.0,1,6,0
907,13,554.0,503.5,287.0,48.0,1,6,0
908,13,550.5,505.0,288.0,49.0,1,6,0
909,13,549.0,499.75,287.0,50.25,1,6,0
910,13,546.0,464.5,289.0,50.0,1,6,0
911,13,545.0,456.25,288.0,50.0,1,6,0
912,13,542.5,448.5,289.0,49.5,1,6,0
913,13,540.5,459.25,289.0,50.5,1,6,0
914,13,537.5,452.5,289.0,49.5,1,6,0
915,13,536.5,451.75,289.0,48.5,1,6,0
916,13,534.0,486.0,289.0,50.0,1,6,0
917,13,533.0,491.75,289.0,49.25,1,6,0
918,13,534.5,496.75,286.0,50.75,1,6,0
919,13,531.5,506.0,289.0,50.0,1,6,0
920,13,529.5,511.75,290.0,51.25,1,6,0
921,13,529.0,504.75,291.0,47.75,1,6,0
922,13,529.0,506.25,290.0,50.25,1,6,0
923,13,528.0,506.0,290.0,52.0,1,6,0
924,13,529.0,501.0,288.0,49.0,1,6,0
925,13,527.0,462.25,289.0,51.75,1,6,0
926,13,525.5,462.75,289.0,48.0,1,6,0
927,13,522.0,462.5,289.0,46.5,1,6,0
928,13,518.0,464.0,289.0,44.5,1,6,0
929,13,513.0,472.25,290.0,48.25,1,6,0
930,13,511.5,474.0,289.0,48.0,1,6,0
931,13,509.0,470.0,290.0,51.0,1,6,0
932,13,509.25,462.25,287.75,52.25,1,6,0
933,13,509.5,473.25,289.0,49.75,1,6,0
934,13,511.25,489.0,288.75,52.0,1,6,0
935,13,511.5,487.75,289.0,52.75,1,6,0
936,13,514.0,492.25,286.0,49.75,1,6,0
937,13,513.5,496.25,289.0,50.75,1,6,0
938,13,514.0,503.75,287.0,49.25,1,6,0
939,13,511.75,492.75,285.25,49.25,1,6,0
940,13,512.0,493.0,286.0,50.0,1,6,0
941,13,511.75,493.0,286.25,50.0,1,6,0
942,13,510.5,491.75,288.0,49.75,1,6,0
943,13,511.0,487.25,287.0,51.75,1,6,0
944,13,510.5,481.0,288.0,51.5,1,6,0
945,13,509.0,472.75,286.0,49.75,1,6,0
946,13,507.5,470.5,286.0,50.0,1,6,0
947,13,503.0,480.75,288.0,50.25,1,6,0
948,13,499.0,490.5,289.0,49.0,1,6,0
949,13,496.5,496.25,287.0,50.25,1,6,0
950,13,492.5,490.0,287.0,48.0,1,6,0
951,13,494.0,447.0,289.0,49.5,1,6,0
952,13,497.5,442.75,288.0,50.0,1,6,0
953,13,500.0,436.0,288.0,50.5,1,6,0
954,13,505.0,451.5,288.0,49.0,1,6,0
955,13,508.5,454.5,288.0,51.0,1,6,0
956,13,509.5,484.25,289.0,51.75,1,6,0
957,13,511.0,476.75,287.0,48.75,1,6,0
958,13,511.25,473.75,286.75,49.25,1,6,0
959,13,508.0,474.5,288.0,51.5,1,6,0
960,13,505.25,486.0,285.75,49.0,1,6,0
961,13,501.0,494.25,291.0,48.75,1,6,0
962,13,498.0,504.25,288.0,48.75,1,6,0
963,13,496.0,511.5,288.0,51.0,1,6,0
964,13,496.0,517.0,288.0,51.0,1,6,0
965,13,497.0,501.75,287.0,50.25,1,6,0
966,13,496.5,501.25,287.0,50.75,1,6,0
967,13,496.5,495.25,288.0,49.25,1,6,0
968,13,497.0,488.25,287.0,50.25,1,6,0
969,13,496.5,485.5,288.0,49.0,1,6,0
970,13,497.0,481.75,287.0,50.25,1,6,0
971,13,495.0,484.75,288.0,47.75,1,6,0
972,13,495.0,465.75,287.0,50.25,1,6,0
973,13,496.75,474.0,286.25,51.5,1,6,0
974,13,498.0,477.5,287.0,53.0,1,6,0
975,13,498.0,484.25,289.0,49.75,1,6,0
976,13,501.0,485.0,288.0,51.0,1,6,0
977,13,502.75,479.75,288.25,50.75,1,6,0
978,13,503.5,468.25,288.0,50.25,1,6,0
979,13,501.75,456.25,288.25,50.0,1,6,0
980,13,500.5,449.75,289.0,47.5,1,6,0
981,13,499.5,458.25,288.0,47.0,1,6,0
982,13,498.5,453.5,289.0,47.5,1,6,0
983,13,495.5,453.0,288.0,50.5,1,6,0
984,13,492.75,482.0,286.25,51.0,1,6,0
985,13,490.5,492.25,288.0,51.75,1,6,0
986,13,487.5,504.5,287.0,49.0,1,6,0
987,13,483.5,510.25,288.0,51.25,1,6,0
988,13,482.0,508.0,288.0,48.0,1,6,0
989,13,482.5,506.0,287.0,50.0,1,6,0
990,13,481.5,508.75,288.0,50.25,1,6,0
991,13,482.5,481.0,287.0,46.5,1,6,0
992,13,483.0,474.0,288.0,49.0,1,6,0
993,13,483.75,475.75,287.25,48.25,1,6,0
994,13,483.0,475.5,290.0,49.0,1,6,0
995,13,484.0,476.5,288.0,49.5,1,6,0
996,13,480.25,478.0,286.75,47.0,1,6,0
997,13,475.5,476.5,287.0,48.5,1,6,0
998,13,470.5,471.25,289.0,49.75,1,6,0
999,13,465.5,465.0,289.0,49.5,1,6,0
1000,13,464.0,457.0,289.0,51.5,1,6,0
1001,13,462.5,453.25,289.0,51.0,1,6,0
1002,13,463.5,460.0,286.0,51.0,1,6,0
1003,13,463.0,453.25,289.0,50.5,1,6,0
1004,13,464.0,448.75,289.0,50.0,1,6,0
1005,13,464.0,490.5,290.0,49.0,1,6,0
1006,13,464.25,491.5,289.75,49.0,1,6,0
1007,13,463.75,501.0,286.25,48.0,1,6,0
1008,13,460.0,507.5,290.0,49.0,1,6,0
1009,13,459.25,498.75,287.75,48.25,1,6,0
1010,13,458.0,511.0,289.0,48.0,1,6,0
1011,13,457.25,512.0,290.75,47.0,1,6,0
1012,13,460.5,471.0,289.0,49.0,1,6,0
1013,13,462.5,471.5,288.0,50.5,1,6,0
1014,13,464.0,473.75,288.0,49.25,1,6,0
1015,13,464.0,471.25,289.0,49.25,1,6,0
1016,13,463.5,471.75,289.0,47.25,1,6,0
1017,13,459.75,466.25,288.25,49.75,1,6,0
1018,13,454.75,461.75,288.25,50.0,1,6,0
1019,13,447.5,473.5,290.0,48.5,1,6,0
1020,13,444.5,469.5,289.0,50.0,1,6,0
1021,13,440.75,463.25,287.25,49.25,1,6,0
1022,13,440.5,455.25,287.0,51.0,1,6,0
1023,13,441.5,450.75,288.0,50.5,1,6,0
1024,13,444.5,520.0,287.0,48.0,1,6,0
1025,13,448.5,517.5,285.0,48.0,1,6,0
1026,13,449.25,518.5,287.75,46.0,1,6,0
1027,13,452.5,500.25,287.0,48.25,1,6,0
1028,13,448.0,506.5,289.0,49.0,1,6,0
1029,13,446.0,473.75,287.0,50.25,1,6,0
1030,13,442.0,473.75,288.0,49.75,1,6,0
1031,13,439.75,477.5,288.25,51.5,1,6,0
1032,13,440.25,481.25,285.75,54.25,1,6,0
1033,13,439.0,480.25,288.0,54.75,1,6,0
1033,32,231.5,514.0,96.0,16.0,1,6,0
1034,13,443.25,482.75,285.75,49.75,1,6,0
1035,13,446.0,483.0,286.0,47.0,1,6,0
1036,13,448.25,479.5,286.75,47.5,1,6,0
1037,13,447.0,476.5,287.0,50.0,1,6,0
1038,13,442.25,479.5,287.75,48.0,1,6,0
1039,13,436.0,480.5,289.0,47.0,1,6,0
1040,13,430.75,473.75,286.25,49.25,1,6,0
1041,13,426.5,463.75,286.0,51.25,1,6,0
1042,13,422.5,452.5,287.0,51.5,1,6,0
1043,13,422.25,438.0,286.75,51.0,1,6,0
1044,13,423.5,447.5,287.0,49.5,1,6,0
1045,13,425.25,440.25,285.75,50.5,1,6,0
1046,13,427.75,464.5,286.25,51.0,1,6,0
1047,13,428.0,502.0,288.0,51.0,1,6,0
1048,13,429.5,510.5,288.0,51.0,1,6,0
1049,13,429.0,528.0,286.0,51.0,1,6,0
1050,13,427.0,518.0,286.0,55.0,1,6,0
1051,13,424.25,506.5,285.75,49.0,1,6,0
1052,13,418.0,477.25,289.0,50.25,1,6,0
1053,13,416.0,480.25,288.0,49.75,1,6,0
1054,13,412.75,478.5,287.25,48.0,1,6,0
1055,13,411.0,471.25,287.0,49.75,1,6,0
1056,13,409.0,459.25,286.0,49.0,1,6,0
1057,13,406.5,449.0,289.0,51.5,1,6,0
1057,32,205.25,485.5,95.5,16.5,1,6,0
1058,13,405.5,436.0,287.0,51.0,1,6,0
1059,13,404.5,456.75,286.0,49.5,1,6,0
1060,13,403.0,449.25,289.0,49.0,1,6,0
1061,13,402.5,486.5,287.0,51.0,1,6,0
1062,13,400.25,501.25,287.75,47.75,1,6,0
1063,13,398.5,499.0,287.0,49.0,1,6,0
1064,13,396.5,494.75,288.0,48.75,1,6,0
1065,13,397.0,496.5,287.0,50.0,1,6,0
1066,13,397.25,484.25,287.75,49.75,1,6,0
1067,13,397.75,489.0,287.25,50.0,1,6,0
1068,13,399.5,494.0,286.0,51.0,1,6,0
1069,13,398.5,502.25,286.0,51.75,1,6,0
1070,13,394.75,484.75,287.25,49.25,1,6,0
1071,13,390.5,481.25,287.0,51.25,1,6,0
1072,13,383.0,495.0,288.0,50.0,1,6,0
1073,13,377.75,492.75,286.25,49.75,1,6,0
1074,13,371.5,491.75,287.0,49.25,1,6,0
1075,13,369.25,481.5,285.75,49.5,1,6,0
1076,13,367.75,459.75,285.25,45.0,1,6,0
1077,13,370.0,445.25,287.0,48.0,1,6,0
1078,13,375.5,439.0,287.0,49.5,1,6,0
1079,13,380.75,433.5,285.25,49.0,1,6,0
1080,13,382.5,453.75,286.0,49.0,1,6,0
1081,13,380.25,454.5,289.75,50.0,1,6,0
1082,13,375.5,469.25,288.0,50.25,1,6,0
1083,13,367.75,503.5,286.25,50.0,1,6,0
1084,13,362.5,506.75,283.5,48.75,1,6,0
1084,32,160.38,537.0,94.25,17.0,1,6,0
1085,13,353.0,501.75,288.0,53.25,1,6,0
1086,13,344.0,498.5,286.5,50.0,1,6,0
1087,13,338.75,495.25,289.25,50.75,1,6,0
1088,13,340.0,491.5,286.0,50.0,1,6,0
1089,13,339.75,489.5,287.25,47.0,1,6,0
1090,13,340.75,492.75,287.25,50.75,1,6,0
1091,13,340.0,501.5,288.0,50.0,1,6,0
1092,13,340.5,486.0,285.5,48.0,1,6,0
1093,13,336.5,484.75,286.0,50.25,1,6,0
1094,13,332.25,492.0,287.75,52.0,1,6,0
1095,13,328.0,490.25,287.0,52.25,1,6,0
1096,13,317.5,476.5,289.0,47.5,1,6,0
1097,13,315.25,462.75,286.75,51.25,1,6,0
1098,13,313.0,452.75,285.5,50.5,1,6,0
1099,13,311.5,446.25,287.0,48.0,1,6,0
1100,13,311.0,441.75,288.5,48.0,1,6,0
1101,13,312.5,431.75,287.0,46.5,1,6,0
1102,13,312.0,462.5,289.0,50.0,1,6,0
1103,13,313.5,493.0,286.5,50.0,1,6,0
1104,13,310.75,510.75,287.25,48.25,1,6,0
1105,13,308.5,521.5,288.0,51.0,1,6,0
1106,13,306.5,515.5,286.5,51.0,1,6,0
1107,13,303.25,526.0,286.75,51.0,1,6,0
1108,13,298.5,486.0,284.5,48.0,1,6,0
1109,13,292.5,486.5,287.0,46.5,1,6,0
1110,13,285.5,484.5,284.5,47.5,1,6,0
1111,13,281.0,483.75,284.5,47.25,1,6,0
1112,13,276.25,471.25,286.75,47.75,1,6,0
1113,13,273.75,457.75,286.25,47.5,1,6,0
1114,13,273.5,445.5,285.0,48.0,1,6,0
1115,13,273.25,434.0,285.75,50.0,1,6,0
1116,13,272.75,450.75,286.25,48.5,1,6,0
1117,13,271.75,446.75,285.25,49.0,1,6,0
1118,13,267.75,451.25,287.25,49.0,1,6,0
1119,13,263.5,468.25,287.0,47.75,1,6,0
1120,13,414.75,509.75,131.25,44.75,1,6,0
1121,13,255.88,515.0,286.62,49.0,1,6,0
1122,13,251.0,527.0,287.5,48.0,1,6,0
1123,13,249.25,505.5,284.75,49.0,1,6,0
1124,13,245.0,504.5,285.5,49.0,1,6,0
1125,13,243.12,480.5,286.88,48.5,1,6,0
1126,13,243.12,465.0,284.88,50.0,1,6,0
1127,13,239.5,460.5,286.5,49.0,1,6,0
1128,13,239.25,456.25,286.75,50.0,1,6,0
1129,13,237.88,453.5,284.12,50.5,1,6,0
1130,13,236.0,473.75,284.5,50.25,1,6,0
1131,13,232.25,462.0,285.75,49.5,1,6,0
1132,13,230.25,459.25,285.75,51.0,1,6,0
1133,13,226.25,469.75,286.75,49.75,1,6,0
1134,13,223.75,487.75,285.0,48.25,1,6,0
1135,13,220.0,487.25,287.0,48.75,1,6,0
1136,13,219.12,485.25,284.38,49.25,1,6,0
1137,13,216.75,496.75,286.5,50.25,1,6,0
1138,13,215.62,483.75,284.88,48.75,1,6,0
1139,13,211.62,495.5,287.88,52.0,1,6,0
1140,13,209.62,505.0,285.38,50.0,1,6,0
1141,13,205.5,473.75,285.5,48.25,1,6,0
1142,13,200.12,478.0,286.88,50.0,1,6,0
1143,13,192.38,479.5,287.62,47.0,1,6,0
1144,13,188.5,477.25,287.0,48.25,1,6,0
1145,13,184.25,468.5,287.5,49.0,1,6,0
1146,13,183.88,460.0,284.12,49.0,1,6,0
1147,13,182.5,452.25,285.0,48.0,1,6,0
1148,13,184.0,454.25,287.0,50.5,1,6,0
1149,13,185.38,453.25,282.62,47.5,1,6,0
1150,13,185.0,451.75,285.5,46.0,1,6,0
1151,13,187.88,455.75,285.12,49.0,1,6,0
1152,13,188.0,494.75,284.0,49.75,1,6,0
1153,13,186.0,499.0,286.5,50.0,1,6,0
1154,13,183.75,505.5,286.5,48.0,1,6,0
1155,13,180.0,506.0,285.5,47.0,1,6,0
1156,13,177.0,507.5,282.5,46.0,1,6,0
1157,13,170.75,487.75,284.5,46.75,1,6,0
1158,13,167.88,494.5,275.12,49.0,1,6,0
1159,13,160.75,469.25,285.5,47.75,1,6,0
1160,13,160.75,467.0,285.0,50.0,1,6,0
1161,13,160.75,471.0,286.0,49.0,1,6,0
1162,13,165.0,474.5,286.0,49.0,1,6,0
1163,13,172.0,474.5,284.5,45.0,1,6,0
1164,13,177.0,471.25,286.0,51.25,1,6,0
1165,13,178.25,459.25,287.0,49.5,1,6,0
1166,13,181.62,475.5,285.38,49.0,1,6,0
1167,13,180.0,475.0,287.0,50.0,1,6,0
1168,13,176.75,472.25,286.0,48.75,1,6,0
1169,13,172.0,463.25,285.5,50.75,1,6,0
1170,13,168.75,471.5,284.5,48.5,1,6,0
1171,13,161.62,472.75,286.38,46.75,1,6,0
1172,13,156.88,475.0,287.12,50.0,1,6,0
1173,13,156.5,472.5,285.5,51.0,1,6,0
1174,13,158.0,472.5,284.5,52.0,1,6,0
1175,13,160.0,467.25,285.5,51.25,1,6,0
1176,13,163.25,468.0,285.5,49.0,1,6,0
1177,13,169.0,520.5,285.5,51.0,1,6,0
1178,13,171.0,519.5,286.0,50.0,1,6,0
1179,13,171.12,520.5,286.88,51.0,1,6,0
1180,13,172.25,499.75,284.5,50.25,1,6,0
1181,13,170.25,495.75,285.0,50.25,1,6,0
1182,13,165.75,466.0,285.5,50.0,1,6,0
1183,13,166.62,458.25,275.88,49.5,1,6,0
1184,13,161.5,459.5,286.5,50.5,1,6,0
1185,13,161.0,459.25,287.0,50.5,1,6,0
1186,13,164.25,467.75,286.0,49.75,1,6,0
1187,13,168.12,476.0,284.88,51.0,1,6,0
1188,13,171.88,489.75,285.12,52.25,1,6,0
1189,13,176.75,496.0,286.0,50.0,1,6,0
1190,13,177.75,499.25,285.5,50.25,1,6,0
1191,13,178.0,494.5,286.5,49.0,1,6,0
1192,13,178.88,488.75,284.12,47.75,1,6,0
1193,13,177.0,473.25,284.5,49.25,1,6,0
1194,13,176.25,460.5,284.5,49.0,1,6,0
1195,13,176.88,454.5,285.12,48.5,1,6,0
1196,13,178.0,448.25,285.5,48.0,1,6,0
1197,13,182.5,464.25,286.0,48.75,1,6,0
1198,13,185.75,470.5,286.0,49.0,1,6,0
1199,13,190.88,476.25,284.62,49.25,1,6,0
1200,13,195.5,482.5,286.0,47.0,1,6,0
1201,13,200.25,486.5,284.0,50.5,1,6,0
1202,13,202.12,487.5,284.88,49.0,1,6,0
1203,13,203.75,484.5,284.0,49.0,1,6,0
1204,13,202.88,486.75,285.12,48.25,1,6,0
1205,13,202.0,484.0,285.5,46.5,1,6,0
1206,13,203.5,481.75,285.5,47.75,1,6,0
1207,13,206.0,480.5,282.0,46.5,1,6,0
1208,13,208.62,479.0,286.38,49.0,1,6,0
1209,13,213.25,486.0,284.5,48.0,1,6,0
1210,13,379.75,490.25,123.5,45.75,1,6,0
1211,13,385.75,501.25,120.5,45.25,1,6,0
1212,13,222.25,504.0,287.0,54.0,1,6,0
1213,13,222.25,499.0,285.5,50.0,1,6,0
1214,13,221.75,496.25,284.5,51.25,1,6,0
1215,13,220.12,489.0,282.88,49.0,1,6,0
1216,13,220.12,479.5,282.88,48.0,1,6,0
1217,13,220.5,471.0,285.5,49.0,1,6,0
1218,13,224.75,457.25,285.0,50.0,1,6,0
1219,13,230.5,455.25,284.5,50.0,1,6,0
1220,13,234.75,453.25,285.25,49.5,1,6,0
1221,13,243.0,466.5,286.0,49.0,1,6,0
1222,13,248.88,473.5,285.12,49.5,1,6,0
1223,13,254.62,482.5,283.38,50.5,1,6,0
1224,13,256.25,493.25,282.75,47.25,1,6,0
1225,13,258.0,495.75,284.5,51.75,1,6,0
1226,13,260.0,501.25,283.0,51.25,1,6,0
1227,13,257.5,491.0,285.0,50.0,1,6,0
1228,13,255.5,488.75,286.0,50.75,1,6,0
1229,13,255.0,483.0,284.0,50.0,1,6,0
1230,13,253.5,481.25,284.5,46.75,1,6,0
1231,13,254.0,471.0,285.5,50.5,1,6,0
1232,13,255.38,468.0,286.12,49.5,1,6,0
1233,13,259.0,465.25,285.5,49.75,1,6,0
1234,13,263.25,473.75,286.75,46.25,1,6,0
1235,13,275.5,476.25,285.0,46.75,1,6,0
1236,13,276.5,476.25,287.5,46.75,1,6,0
1237,13,287.0,475.5,286.0,48.0,1,6,0
1238,13,294.0,481.75,284.0,45.25,1,6,0
1239,13,299.0,489.75,286.0,49.75,1,6,0
1240,13,305.25,496.5,284.75,50.0,1,6,0
1241,13,306.75,503.25,285.25,49.75,1,6,0
1242,13,309.25,503.0,283.75,50.0,1,6,0
1243,13,309.0,502.25,286.0,49.75,1,6,0
1244,13,309.0,487.25,284.0,48.75,1,6,0
1245,13,309.0,480.5,285.5,51.5,1,6,0
1246,13,311.0,473.0,284.5,48.0,1,6,0
1247,13,313.75,460.25,284.25,50.5,1,6,0
1248,13,322.0,457.5,281.5,39.5,1,6,0
1249,13,326.0,457.75,284.0,48.5,1,6,0
1250,13,328.5,461.75,285.5,46.0,1,6,0
1251,13,337.5,472.0,285.5,47.0,1,6,0
1252,13,343.0,496.0,282.0,51.0,1,6,0
1253,13,343.0,513.0,284.0,51.0,1,6,0
1254,13,343.25,525.0,284.75,51.0,1,6,0
1255,13,341.25,516.5,285.75,52.0,1,6,0
1256,13,342.0,518.0,285.5,49.0,1,6,0
1257,13,342.5,489.25,283.5,48.25,1,6,0
1258,13,345.0,462.75,285.5,50.75,1,6,0
1259,13,348.5,443.75,287.0,51.5,1,6,0
1260,13,356.5,444.5,285.0,50.0,1,6,0
1261,13,364.5,428.5,283.5,49.0,1,6,0
1262,13,369.0,457.75,285.5,52.5,1,6,0
1263,13,375.0,480.5,285.0,47.0,1,6,0
1264,13,378.25,485.0,284.75,49.0,1,6,0
1265,13,381.0,497.75,285.0,50.75,1,6,0
1266,13,383.5,518.0,285.0,50.0,1,6,0
1267,13,384.0,512.0,287.0,48.0,1,6,0
1268,13,389.5,521.0,285.0,49.0,1,6,0
1269,13,396.0,479.75,284.0,47.25,1,6,0
1270,13,401.0,480.5,285.0,49.0,1,6,0
1271,13,404.0,484.75,287.0,47.75,1,6,0
1272,13,412.0,476.5,287.0,51.0,1,6,0
1273,13,416.25,472.25,284.75,49.25,1,6,0
1274,13,418.0,464.5,285.0,50.5,1,6,0
1275,13,418.25,461.0,285.75,50.0,1,6,0
1276,13,418.5,456.5,285.0,51.0,1,6,0
1277,13,419.5,454.0,285.0,51.0,1,6,0
1278,13,421.0,464.0,286.0,52.0,1,6,0
1279,13,424.0,470.75,287.0,49.75,1,6,0
1280,13,431.75,463.0,284.25,51.0,1,6,0
1281,13,437.5,463.25,288.0,49.75,1,6,0
1282,13,449.25,495.0,285.75,51.0,1,6,0
1283,13,456.75,495.5,285.25,50.0,1,6,0
1284,13,465.75,495.75,284.25,48.25,1,6,0
1285,13,474.0,498.75,278.0,46.25,1,6,0
1286,13,478.0,501.25,284.0,47.75,1,6,0
1287,13,480.75,492.5,285.25,51.0,1,6,0
1288,13,483.75,499.25,284.25,50.25,1,6,0
1289,13,488.25,509.0,282.75,46.0,1,6,0
1290,13,492.0,478.5,287.0,49.5,1,6,0
1291,13,495.5,482.0,285.0,48.5,1,6,0
1292,13,504.25,486.0,284.75,49.5,1,6,0
1293,13,507.75,482.0,286.25,50.0,1,6,0
1294,13,513.0,480.25,288.0,48.75,1,6,0
1295,13,518.0,471.5,287.0,49.5,1,6,0
1296,13,524.0,461.5,287.0,48.5,1,6,0
1297,13,528.5,452.0,286.0,50.0,1,6,0
1298,13,530.0,448.75,287.0,50.0,1,6,0
1299,13,533.0,461.75,286.0,50.25,1,6,0
1300,13,534.5,462.5,288.0,50.0,1,6,0
1301,13,539.0,466.0,287.0,50.5,1,6,0
1302,13,542.5,481.25,286.0,50.75,1,6,0
1303,13,548.0,497.25,288.0,49.75,1,6,0
